-180.00 -90.00 1.68544919804
-175.00 -90.00 1.68544919804
-170.00 -90.00 1.68544919804
-165.00 -90.00 1.68544919804
-160.00 -90.00 1.68544919804
-155.00 -90.00 1.68544919804
-150.00 -90.00 1.68544919804
-145.00 -90.00 1.68544919804
-140.00 -90.00 1.68544919804
-135.00 -90.00 1.68544919804
-130.00 -90.00 1.68544919804
-125.00 -90.00 1.68544919804
-120.00 -90.00 1.68544919804
-115.00 -90.00 1.68544919804
-110.00 -90.00 1.68544919804
-105.00 -90.00 1.68544919804
-100.00 -90.00 1.68544919804
-95.00 -90.00 1.68544919804
-90.00 -90.00 1.68544919804
-85.00 -90.00 1.68544919804
-80.00 -90.00 1.68544919804
-75.00 -90.00 1.68544919804
-70.00 -90.00 1.68544919804
-65.00 -90.00 1.68544919804
-60.00 -90.00 1.68544919804
-55.00 -90.00 1.68544919804
-50.00 -90.00 1.68544919804
-45.00 -90.00 1.68544919804
-40.00 -90.00 1.68544919804
-35.00 -90.00 1.68544919804
-30.00 -90.00 1.68544919804
-25.00 -90.00 1.68544919804
-20.00 -90.00 1.68544919804
-15.00 -90.00 1.68544919804
-10.00 -90.00 1.68544919804
-5.00 -90.00 1.68544919804
0.00 -90.00 1.68544919804
5.00 -90.00 1.68544919804
10.00 -90.00 1.68544919804
15.00 -90.00 1.68544919804
20.00 -90.00 1.68544919804
25.00 -90.00 1.68544919804
30.00 -90.00 1.68544919804
35.00 -90.00 1.68544919804
40.00 -90.00 1.68544919804
45.00 -90.00 1.68544919804
50.00 -90.00 1.68544919804
55.00 -90.00 1.68544919804
60.00 -90.00 1.68544919804
65.00 -90.00 1.68544919804
70.00 -90.00 1.68544919804
75.00 -90.00 1.68544919804
80.00 -90.00 1.68544919804
85.00 -90.00 1.68544919804
90.00 -90.00 1.68544919804
95.00 -90.00 1.68544919804
100.00 -90.00 1.68544919804
105.00 -90.00 1.68544919804
110.00 -90.00 1.68544919804
115.00 -90.00 1.68544919804
120.00 -90.00 1.68544919804
125.00 -90.00 1.68544919804
130.00 -90.00 1.68544919804
135.00 -90.00 1.68544919804
140.00 -90.00 1.68544919804
145.00 -90.00 1.68544919804
150.00 -90.00 1.68544919804
155.00 -90.00 1.68544919804
160.00 -90.00 1.68544919804
165.00 -90.00 1.68544919804
170.00 -90.00 1.68544919804
175.00 -90.00 1.68544919804
180.00 -90.00 1.68544919804
-180.00 -85.00 1.27134611714
-175.00 -85.00 1.26868986065
-170.00 -85.00 1.26335942782
-165.00 -85.00 1.25804521781
-160.00 -85.00 1.25276404034
-155.00 -85.00 1.2420796446
-150.00 -85.00 1.23415231302
-145.00 -85.00 1.22352810967
-140.00 -85.00 1.21020473556
-135.00 -85.00 1.20234846563
-130.00 -85.00 1.1917916169
-125.00 -85.00 1.18397493349
-120.00 -85.00 1.17616968659
-115.00 -85.00 1.17110704331
-110.00 -85.00 1.17150586968
-105.00 -85.00 1.17192093736
-100.00 -85.00 1.18052348342
-95.00 -85.00 1.19460330617
-90.00 -85.00 1.21416714994
-85.00 -85.00 1.23646732544
-80.00 -85.00 1.2669849184
-75.00 -85.00 1.3057123285
-70.00 -85.00 1.34719287352
-65.00 -85.00 1.39415296021
-60.00 -85.00 1.44659663309
-55.00 -85.00 1.50180223525
-50.00 -85.00 1.55975013743
-45.00 -85.00 1.61769109956
-40.00 -85.00 1.67836982085
-35.00 -85.00 1.73628366941
-30.00 -85.00 1.79417620522
-25.00 -85.00 1.84929024525
-20.00 -85.00 1.89886549998
-15.00 -85.00 1.94289356161
-10.00 -85.00 1.98134023853
-5.00 -85.00 2.01149939627
0.00 -85.00 2.03606633458
5.00 -85.00 2.05231176901
10.00 -85.00 2.06023574646
15.00 -85.00 2.05986892405
20.00 -85.00 2.05394035865
25.00 -85.00 2.03973047709
30.00 -85.00 2.01721942992
35.00 -85.00 1.9892221527
40.00 -85.00 1.95571823494
45.00 -85.00 1.91671608422
50.00 -85.00 1.87497102631
55.00 -85.00 1.83323347072
60.00 -85.00 1.78604313867
65.00 -85.00 1.74435184548
70.00 -85.00 1.69723786508
75.00 -85.00 1.6528794282
80.00 -85.00 1.61129590474
85.00 -85.00 1.56976837043
90.00 -85.00 1.53374358039
95.00 -85.00 1.49778756168
100.00 -85.00 1.46732206125
105.00 -85.00 1.43691682302
110.00 -85.00 1.4065693071
115.00 -85.00 1.38171685934
120.00 -85.00 1.36235307434
125.00 -85.00 1.34576288202
130.00 -85.00 1.32921558884
135.00 -85.00 1.31541873037
140.00 -85.00 1.30438789485
145.00 -85.00 1.29608572433
150.00 -85.00 1.28782046038
155.00 -85.00 1.28229948351
160.00 -85.00 1.2795218964
165.00 -85.00 1.27676191503
170.00 -85.00 1.27674457349
175.00 -85.00 1.27403672954
180.00 -85.00 1.27134611714
-180.00 -80.00 0.928378229552
-175.00 -80.00 0.928302631526
-170.00 -80.00 0.917383000273
-165.00 -80.00 0.901061355042
-160.00 -80.00 0.876640861809
-155.00 -80.00 0.841420797293
-150.00 -80.00 0.803519187107
-145.00 -80.00 0.757520098131
-140.00 -80.00 0.711541562268
-135.00 -80.00 0.662872963126
-130.00 -80.00 0.614206024164
-125.00 -80.00 0.565532806568
-120.00 -80.00 0.51956206496
-115.00 -80.00 0.479009550607
-110.00 -80.00 0.443872766254
-105.00 -80.00 0.416885364459
-100.00 -80.00 0.400777150777
-95.00 -80.00 0.398286952699
-90.00 -80.00 0.406712254857
-85.00 -80.00 0.42879496409
-80.00 -80.00 0.467293124623
-75.00 -80.00 0.516771424886
-70.00 -80.00 0.579972228548
-65.00 -80.00 0.648706919617
-60.00 -80.00 0.728458583532
-55.00 -80.00 0.808270102972
-50.00 -80.00 0.896364650846
-45.00 -80.00 0.987263587919
-40.00 -80.00 1.0809650721
-35.00 -80.00 1.17469803876
-30.00 -80.00 1.27394212047
-25.00 -80.00 1.36768631416
-20.00 -80.00 1.45589039778
-15.00 -80.00 1.54402733983
-10.00 -80.00 1.62380257987
-5.00 -80.00 1.69521645194
0.00 -80.00 1.75825308223
5.00 -80.00 1.80743150965
10.00 -80.00 1.84272355031
15.00 -80.00 1.86144904881
20.00 -80.00 1.85807858873
25.00 -80.00 1.83541641628
30.00 -80.00 1.7907579479
35.00 -80.00 1.72961901385
40.00 -80.00 1.66301188989
45.00 -80.00 1.5882227004
50.00 -80.00 1.51621619203
55.00 -80.00 1.44424709219
60.00 -80.00 1.3805318584
65.00 -80.00 1.33050603045
70.00 -80.00 1.28870647377
75.00 -80.00 1.26329708364
80.00 -80.00 1.24879412144
85.00 -80.00 1.24522714775
90.00 -80.00 1.24439642018
95.00 -80.00 1.24634732209
100.00 -80.00 1.24294108526
105.00 -80.00 1.23691275788
110.00 -80.00 1.21741160419
115.00 -80.00 1.18989756036
120.00 -80.00 1.15162944665
125.00 -80.00 1.10531278212
130.00 -80.00 1.06178838514
135.00 -80.00 1.01560278522
140.00 -80.00 0.974863270371
145.00 -80.00 0.944999110512
150.00 -80.00 0.923274914961
155.00 -80.00 0.912400431032
160.00 -80.00 0.909654067315
165.00 -80.00 0.912313723024
170.00 -80.00 0.920390685548
175.00 -80.00 0.925745335867
180.00 -80.00 0.928378229552
-180.00 -75.00 0.669370165788
-175.00 -75.00 0.669351952591
-170.00 -75.00 0.652955199628
-165.00 -75.00 0.617481738238
-160.00 -75.00 0.565671227369
-155.00 -75.00 0.500272147737
-150.00 -75.00 0.426761060297
-145.00 -75.00 0.353304164385
-140.00 -75.00 0.288055269437
-135.00 -75.00 0.236433951727
-130.00 -75.00 0.192993797042
-125.00 -75.00 0.160440540233
-120.00 -75.00 0.130605141777
-115.00 -75.00 0.108920599577
-110.00 -75.00 0.0817639214462
-105.00 -75.00 0.0545628157797
-100.00 -75.00 0.0245782441885
-95.00 -75.00 0.0
-90.00 -75.00 -0.0109446610603
-85.00 -75.00 -0.00547690116965
-80.00 -75.00 0.0164421851757
-75.00 -75.00 0.0575796007679
-70.00 -75.00 0.101491515979
-65.00 -75.00 0.148164414393
-60.00 -75.00 0.189353673266
-55.00 -75.00 0.216814089448
-50.00 -75.00 0.230547575962
-45.00 -75.00 0.230550739826
-40.00 -75.00 0.225067612647
-35.00 -75.00 0.219587198168
-30.00 -75.00 0.225089235946
-25.00 -75.00 0.252553014783
-20.00 -75.00 0.299234810977
-15.00 -75.00 0.37062722087
-10.00 -75.00 0.463983186236
-5.00 -75.00 0.571044602689
0.00 -75.00 0.678073768857
5.00 -75.00 0.77952476369
10.00 -75.00 0.867156485937
15.00 -75.00 0.929985421521
20.00 -75.00 0.965297838559
25.00 -75.00 0.973157892259
30.00 -75.00 0.953622413679
35.00 -75.00 0.914969818459
40.00 -75.00 0.859969007714
45.00 -75.00 0.80231766242
50.00 -75.00 0.75021307471
55.00 -75.00 0.711822467442
60.00 -75.00 0.698052323392
65.00 -75.00 0.714330459479
70.00 -75.00 0.760592427048
75.00 -75.00 0.842233159246
80.00 -75.00 0.953703549926
85.00 -75.00 1.0730767406
90.00 -75.00 1.19214413141
95.00 -75.00 1.29183922377
100.00 -75.00 1.36143857415
105.00 -75.00 1.38751525722
110.00 -75.00 1.36753134299
115.00 -75.00 1.30162618651
120.00 -75.00 1.19528220703
125.00 -75.00 1.07017489462
130.00 -75.00 0.937113373378
135.00 -75.00 0.809574720931
140.00 -75.00 0.703800292863
145.00 -75.00 0.625178888763
150.00 -75.00 0.581838365771
155.00 -75.00 0.568371482618
160.00 -75.00 0.579351830721
165.00 -75.00 0.601201494609
170.00 -75.00 0.628482162654
175.00 -75.00 0.655742752879
180.00 -75.00 0.669370165788
-180.00 -70.00 0.634296244697
-175.00 -70.00 0.645647233312
-170.00 -70.00 0.621190749158
-165.00 -70.00 0.56366584038
-160.00 -70.00 0.473133497921
-155.00 -70.00 0.363425314333
-150.00 -70.00 0.240184534237
-145.00 -70.00 0.125391853637
-140.00 -70.00 0.0462858973021
-135.00 -70.00 0.0190423079421
-130.00 -70.00 0.0353484199497
-125.00 -70.00 0.0897342657184
-120.00 -70.00 0.155079894317
-115.00 -70.00 0.209707858065
-110.00 -70.00 0.231817680914
-105.00 -70.00 0.213071112142
-100.00 -70.00 0.166923218173
-95.00 -70.00 0.104172380227
-90.00 -70.00 0.0494308588382
-85.00 -70.00 0.0192520575785
-80.00 -70.00 0.0137669936382
-75.00 -70.00 0.0192860045747
-70.00 -70.00 0.0220437292702
-65.00 -70.00 0.00826326771036
-60.00 -70.00 -0.0440364954233
-55.00 -70.00 -0.140222574704
-50.00 -70.00 -0.28288353624
-45.00 -70.00 -0.452696824803
-40.00 -70.00 -0.627728837789
-35.00 -70.00 -0.786156997098
-30.00 -70.00 -0.911687170356
-25.00 -70.00 -0.988021249729
-20.00 -70.00 -0.987913096697
-15.00 -70.00 -0.919567015852
-10.00 -70.00 -0.782919149256
-5.00 -70.00 -0.599733444984
0.00 -70.00 -0.386277678309
5.00 -70.00 -0.169895606632
10.00 -70.00 0.0219232139651
15.00 -70.00 0.167133600153
20.00 -70.00 0.257453166756
25.00 -70.00 0.290180455515
30.00 -70.00 0.284572915082
35.00 -70.00 0.248931473408
40.00 -70.00 0.205166099935
45.00 -70.00 0.16418564845
50.00 -70.00 0.14237604303
55.00 -70.00 0.147961427178
60.00 -70.00 0.189213475691
65.00 -70.00 0.266185559624
70.00 -70.00 0.378871187318
75.00 -70.00 0.527175934339
80.00 -70.00 0.708149945224
85.00 -70.00 0.896831742673
90.00 -70.00 1.07381337518
95.00 -70.00 1.2144457447
100.00 -70.00 1.30258040022
105.00 -70.00 1.31414399414
110.00 -70.00 1.24422702011
115.00 -70.00 1.09325555733
120.00 -70.00 0.89672844889
125.00 -70.00 0.678979467982
130.00 -70.00 0.477858553197
135.00 -70.00 0.312196774469
140.00 -70.00 0.203612095855
145.00 -70.00 0.160213989274
150.00 -70.00 0.176593256102
155.00 -70.00 0.24197772135
160.00 -70.00 0.32930329871
165.00 -70.00 0.42232334315
170.00 -70.00 0.510152162733
175.00 -70.00 0.584508227682
180.00 -70.00 0.634296244697
-180.00 -65.00 0.792112921231
-175.00 -65.00 0.807247023526
-170.00 -65.00 0.7720101124
-165.00 -65.00 0.694665288393
-160.00 -65.00 0.589288599258
-155.00 -65.00 0.459034168648
-150.00 -65.00 0.290649900344
-145.00 -65.00 0.120320493661
-140.00 -65.00 -0.0190934693661
-135.00 -65.00 -0.0735028898992
-130.00 -65.00 -0.0271946046323
-125.00 -65.00 0.106045262057
-120.00 -65.00 0.280239746022
-115.00 -65.00 0.427650334203
-110.00 -65.00 0.485576177963
-105.00 -65.00 0.448142718688
-100.00 -65.00 0.355901208162
-95.00 -65.00 0.246906837756
-90.00 -65.00 0.151230819796
-85.00 -65.00 0.0854282794368
-80.00 -65.00 0.0524568441933
-75.00 -65.00 0.0276411078996
-70.00 -65.00 -0.0276456928451
-65.00 -65.00 -0.135337624189
-60.00 -65.00 -0.292232459464
-55.00 -65.00 -0.50333174244
-50.00 -65.00 -0.754547035484
-45.00 -65.00 -1.01041432333
-40.00 -65.00 -1.24679137301
-35.00 -65.00 -1.43401118298
-30.00 -65.00 -1.57227505515
-25.00 -65.00 -1.63713925232
-20.00 -65.00 -1.61785147121
-15.00 -65.00 -1.5063723329
-10.00 -65.00 -1.29446754885
-5.00 -65.00 -0.981553450339
0.00 -65.00 -0.616004265135
5.00 -65.00 -0.263121868841
10.00 -65.00 0.0301673603446
15.00 -65.00 0.224863939884
20.00 -65.00 0.317886669099
25.00 -65.00 0.323044351939
30.00 -65.00 0.270778529515
35.00 -65.00 0.185888862785
40.00 -65.00 0.106622197712
45.00 -65.00 0.046510037486
50.00 -65.00 0.0027392569766
55.00 -65.00 -0.0137171388845
60.00 -65.00 0.00274783779516
65.00 -65.00 0.0522850639686
70.00 -65.00 0.121215464191
75.00 -65.00 0.209504925983
80.00 -65.00 0.317029364025
85.00 -65.00 0.435273870809
90.00 -65.00 0.547429282612
95.00 -65.00 0.636943213504
100.00 -65.00 0.684857123291
105.00 -65.00 0.658808044881
110.00 -65.00 0.545725265945
115.00 -65.00 0.362390513514
120.00 -65.00 0.133366906815
125.00 -65.00 -0.0978925920291
130.00 -65.00 -0.29069575119
135.00 -65.00 -0.401704665078
140.00 -65.00 -0.412220304039
145.00 -65.00 -0.338847592896
150.00 -65.00 -0.19793256996
155.00 -65.00 -0.0135715594452
160.00 -65.00 0.193096148318
165.00 -65.00 0.400880981247
170.00 -65.00 0.585387621461
175.00 -65.00 0.72156187873
180.00 -65.00 0.792112921231
-180.00 -60.00 0.709626948179
-175.00 -60.00 0.638982598095
-170.00 -60.00 0.523035284706
-165.00 -60.00 0.428665424931
-160.00 -60.00 0.403159135799
-155.00 -60.00 0.410482598723
-150.00 -60.00 0.365296905207
-145.00 -60.00 0.235468088421
-140.00 -60.00 0.0546127278355
-135.00 -60.00 -0.0763223538353
-130.00 -60.00 -0.0681101483892
-125.00 -60.00 0.0872291140991
-120.00 -60.00 0.305643548187
-115.00 -60.00 0.49453239314
-110.00 -60.00 0.574272982616
-105.00 -60.00 0.541746230527
-100.00 -60.00 0.457136799375
-95.00 -60.00 0.383509225854
-90.00 -60.00 0.364825951679
-85.00 -60.00 0.384768776519
-80.00 -60.00 0.382880673353
-75.00 -60.00 0.311902738539
-70.00 -60.00 0.151962044431
-65.00 -60.00 -0.088353858635
-60.00 -60.00 -0.374722856117
-55.00 -60.00 -0.659368428323
-50.00 -60.00 -0.917690404
-45.00 -60.00 -1.10977761243
-40.00 -60.00 -1.23677114636
-35.00 -60.00 -1.31521975827
-30.00 -60.00 -1.37210110101
-25.00 -60.00 -1.4261330717
-20.00 -60.00 -1.4611538813
-15.00 -60.00 -1.41516776871
-10.00 -60.00 -1.23932370466
-5.00 -60.00 -0.910876684747
0.00 -60.00 -0.499026882792
5.00 -60.00 -0.0879108817605
10.00 -60.00 0.239219677527
15.00 -60.00 0.415031997822
20.00 -60.00 0.433631281531
25.00 -60.00 0.369860585815
30.00 -60.00 0.268114891801
35.00 -60.00 0.1558430985
40.00 -60.00 0.0601709406248
45.00 -60.00 -0.019169810302
50.00 -60.00 -0.0850497622507
55.00 -60.00 -0.142945508112
60.00 -60.00 -0.187268509889
65.00 -60.00 -0.212377196305
70.00 -60.00 -0.226431790906
75.00 -60.00 -0.24317120312
80.00 -60.00 -0.265296009718
85.00 -60.00 -0.267861497675
90.00 -60.00 -0.248138989647
95.00 -60.00 -0.195332665654
100.00 -60.00 -0.13175231043
105.00 -60.00 -0.101360839903
110.00 -60.00 -0.147746867098
115.00 -60.00 -0.284386156749
120.00 -60.00 -0.478361226593
125.00 -60.00 -0.672021612445
130.00 -60.00 -0.81307579719
135.00 -60.00 -0.876883842544
140.00 -60.00 -0.847758245662
145.00 -60.00 -0.743172625442
150.00 -60.00 -0.566461285421
155.00 -60.00 -0.339035998654
160.00 -60.00 -0.0625318611721
165.00 -60.00 0.237427622701
170.00 -60.00 0.498869579562
175.00 -60.00 0.66608927153
180.00 -60.00 0.709626948179
-180.00 -55.00 0.311679061293
-175.00 -55.00 0.0497004171871
-170.00 -55.00 -0.251206028843
-165.00 -55.00 -0.441142185221
-160.00 -55.00 -0.379809658924
-155.00 -55.00 -0.107139180475
-150.00 -55.00 0.183711394111
-145.00 -55.00 0.317529903553
-140.00 -55.00 0.235159032862
-135.00 -55.00 0.060154488115
-130.00 -55.00 -0.0520052829349
-125.00 -55.00 -0.00548290703764
-120.00 -55.00 0.162002246685
-115.00 -55.00 0.335358389689
-110.00 -55.00 0.442602738657
-105.00 -55.00 0.499945321313
-100.00 -55.00 0.57332961115
-95.00 -55.00 0.736719695369
-90.00 -55.00 1.00400306594
-85.00 -55.00 1.25582666941
-80.00 -55.00 1.37547978205
-75.00 -55.00 1.28815633967
-70.00 -55.00 0.999169438674
-65.00 -55.00 0.572955794986
-60.00 -55.00 0.148580240159
-55.00 -55.00 -0.194890321001
-50.00 -55.00 -0.438086286462
-45.00 -55.00 -0.560373766631
-40.00 -55.00 -0.617385618383
-35.00 -55.00 -0.685535477107
-30.00 -55.00 -0.799984684687
-25.00 -55.00 -1.00941422839
-20.00 -55.00 -1.26204020889
-15.00 -55.00 -1.41220035766
-10.00 -55.00 -1.36565911296
-5.00 -55.00 -1.10167447646
0.00 -55.00 -0.709630251868
5.00 -55.00 -0.36117764725
10.00 -55.00 -0.162730572674
15.00 -55.00 -0.112929773078
20.00 -55.00 -0.164873674891
25.00 -55.00 -0.249491111677
30.00 -55.00 -0.33398586953
35.00 -55.00 -0.388604703415
40.00 -55.00 -0.41636435949
45.00 -55.00 -0.444578793894
50.00 -55.00 -0.473073546935
55.00 -55.00 -0.515403822777
60.00 -55.00 -0.557626310164
65.00 -55.00 -0.594156976502
70.00 -55.00 -0.63609766547
75.00 -55.00 -0.702813357259
80.00 -55.00 -0.783007273862
85.00 -55.00 -0.843095820216
90.00 -55.00 -0.84154886151
95.00 -55.00 -0.748672807307
100.00 -55.00 -0.593130017056
105.00 -55.00 -0.441383270883
110.00 -55.00 -0.367203873842
115.00 -55.00 -0.416746785288
120.00 -55.00 -0.557030811533
125.00 -55.00 -0.738377918793
130.00 -55.00 -0.899494180386
135.00 -55.00 -1.02342605106
140.00 -55.00 -1.09139300314
145.00 -55.00 -1.096385092
150.00 -55.00 -1.01554763039
155.00 -55.00 -0.808948385558
160.00 -55.00 -0.481295651127
165.00 -55.00 -0.0982251285074
170.00 -55.00 0.213704505387
175.00 -55.00 0.374088955165
180.00 -55.00 0.311679061293
-180.00 -50.00 0.214441853197
-175.00 -50.00 -0.154180784597
-170.00 -50.00 -0.636035641881
-165.00 -50.00 -1.06982275785
-160.00 -50.00 -1.18337854255
-155.00 -50.00 -0.904879659244
-150.00 -50.00 -0.38915849928
-145.00 -50.00 0.0383777191106
-140.00 -50.00 0.150919587605
-135.00 -50.00 0.0274778117103
-130.00 -50.00 -0.167878751867
-125.00 -50.00 -0.289405735253
-120.00 -50.00 -0.289737148748
-115.00 -50.00 -0.19327941422
-110.00 -50.00 0.0
-105.00 -50.00 0.273192042643
-100.00 -50.00 0.6282381447
-95.00 -50.00 1.0884829374
-90.00 -50.00 1.611541594
-85.00 -50.00 2.08043320186
-80.00 -50.00 2.33761092566
-75.00 -50.00 2.27408733786
-70.00 -50.00 1.941616591
-65.00 -50.00 1.45935991565
-60.00 -50.00 1.00421376247
-55.00 -50.00 0.668814438111
-50.00 -50.00 0.429851565565
-45.00 -50.00 0.248948498443
-40.00 -50.00 0.04101638619
-35.00 -50.00 -0.254131376375
-30.00 -50.00 -0.644140520773
-25.00 -50.00 -1.10376308108
-20.00 -50.00 -1.49788954035
-15.00 -50.00 -1.68775071982
-10.00 -50.00 -1.59263090692
-5.00 -50.00 -1.27084104768
0.00 -50.00 -0.920304245907
5.00 -50.00 -0.725752517277
10.00 -50.00 -0.728023447328
15.00 -50.00 -0.828501599031
20.00 -50.00 -0.930990098831
25.00 -50.00 -0.973278067226
30.00 -50.00 -0.986096418235
35.00 -50.00 -0.972342399178
40.00 -50.00 -0.945810236449
45.00 -50.00 -0.925341079505
50.00 -50.00 -0.896683090385
55.00 -50.00 -0.873158707167
60.00 -50.00 -0.857361473364
65.00 -50.00 -0.84132577329
70.00 -50.00 -0.836346224917
75.00 -50.00 -0.867319669214
80.00 -50.00 -0.928333094921
85.00 -50.00 -0.982694138328
90.00 -50.00 -0.97772694133
95.00 -50.00 -0.872997041782
100.00 -50.00 -0.683902201067
105.00 -50.00 -0.474274931486
110.00 -50.00 -0.334219183056
115.00 -50.00 -0.331586415145
120.00 -50.00 -0.444347102522
125.00 -50.00 -0.617720828473
130.00 -50.00 -0.807205532626
135.00 -50.00 -0.998274293717
140.00 -50.00 -1.20680938916
145.00 -50.00 -1.37555127387
150.00 -50.00 -1.37519348529
155.00 -50.00 -1.088038371
160.00 -50.00 -0.585038410624
165.00 -50.00 -0.0681500671057
170.00 -50.00 0.25968881998
175.00 -50.00 0.359211750376
180.00 -50.00 0.214441853197
-180.00 -45.00 0.356829255831
-175.00 -45.00 0.10191925186
-170.00 -45.00 -0.281600753285
-165.00 -45.00 -0.847651937377
-160.00 -45.00 -1.33438593778
-155.00 -45.00 -1.43405306019
-150.00 -45.00 -1.09525983368
-145.00 -45.00 -0.636280913202
-140.00 -45.00 -0.358551548165
-135.00 -45.00 -0.369910388404
-130.00 -45.00 -0.538440092443
-125.00 -45.00 -0.759297113445
-120.00 -45.00 -0.905691100556
-115.00 -45.00 -0.864492973818
-110.00 -45.00 -0.547180841788
-105.00 -45.00 -0.0221223643502
-100.00 -45.00 0.564292312438
-95.00 -45.00 1.11116003715
-90.00 -45.00 1.59348015767
-85.00 -45.00 1.99883601608
-80.00 -45.00 2.26105412163
-75.00 -45.00 2.30154019886
-70.00 -45.00 2.10690365351
-65.00 -45.00 1.77279528678
-60.00 -45.00 1.47386613484
-55.00 -45.00 1.26190277012
-50.00 -45.00 1.09352633068
-45.00 -45.00 0.859192477736
-40.00 -45.00 0.459675966771
-35.00 -45.00 -0.0819817738671
-30.00 -45.00 -0.68740776082
-25.00 -45.00 -1.23141019974
-20.00 -45.00 -1.55666146216
-15.00 -45.00 -1.53452388861
-10.00 -45.00 -1.15862582795
-5.00 -45.00 -0.684462416473
0.00 -45.00 -0.437134300415
5.00 -45.00 -0.526737806646
10.00 -45.00 -0.809205455819
15.00 -45.00 -0.990149088326
20.00 -45.00 -0.988668352263
25.00 -45.00 -0.886023073547
30.00 -45.00 -0.805832986988
35.00 -45.00 -0.775398708755
40.00 -45.00 -0.797486761435
45.00 -45.00 -0.84186164374
50.00 -45.00 -0.880717073909
55.00 -45.00 -0.883517220319
60.00 -45.00 -0.869578627949
65.00 -45.00 -0.850269585991
70.00 -45.00 -0.834194833751
75.00 -45.00 -0.826630857772
80.00 -45.00 -0.813116420022
85.00 -45.00 -0.812304884986
90.00 -45.00 -0.815814074951
95.00 -45.00 -0.780039715104
100.00 -45.00 -0.684212278304
105.00 -45.00 -0.531842296025
110.00 -45.00 -0.396844532986
115.00 -45.00 -0.366395618229
120.00 -45.00 -0.45933034544
125.00 -45.00 -0.607445776362
130.00 -45.00 -0.731392445183
135.00 -45.00 -0.860664367644
140.00 -45.00 -1.11217928023
145.00 -45.00 -1.39472486247
150.00 -45.00 -1.44367520712
155.00 -45.00 -0.98636458288
160.00 -45.00 -0.215154816455
165.00 -45.00 0.452334756897
170.00 -45.00 0.70407233503
175.00 -45.00 0.577200977827
180.00 -45.00 0.356829255831
-180.00 -40.00 -0.394828967185
-175.00 -40.00 -0.520657865275
-170.00 -40.00 -0.453904044707
-165.00 -40.00 -0.541024530349
-160.00 -40.00 -0.821265234801
-155.00 -40.00 -1.05317372641
-150.00 -40.00 -0.955766534578
-145.00 -40.00 -0.750823392625
-140.00 -40.00 -0.645345009068
-135.00 -40.00 -0.710902861147
-130.00 -40.00 -0.858862293468
-125.00 -40.00 -1.07574595975
-120.00 -40.00 -1.2905405467
-115.00 -40.00 -1.31039470119
-110.00 -40.00 -0.933277962626
-105.00 -40.00 -0.262643195545
-100.00 -40.00 0.415345786069
-95.00 -40.00 0.85380181782
-90.00 -40.00 1.04133725523
-85.00 -40.00 1.12558231322
-80.00 -40.00 1.2314482321
-75.00 -40.00 1.35584491982
-70.00 -40.00 1.44132028119
-65.00 -40.00 1.4535441322
-60.00 -40.00 1.42713094249
-55.00 -40.00 1.41073885845
-50.00 -40.00 1.38484468542
-45.00 -40.00 1.23525655778
-40.00 -40.00 0.890918912603
-35.00 -40.00 0.407981795992
-30.00 -40.00 -0.117551380854
-25.00 -40.00 -0.538490775302
-20.00 -40.00 -0.726092846799
-15.00 -40.00 -0.512354631082
-10.00 -40.00 -0.0416259081154
-5.00 -40.00 0.335397034875
0.00 -40.00 0.258151447256
5.00 -40.00 -0.241149696233
10.00 -40.00 -0.715424288005
15.00 -40.00 -0.819673278456
20.00 -40.00 -0.585602961566
25.00 -40.00 -0.245851290946
30.00 -40.00 -0.0251788749572
35.00 -40.00 0.0363623650524
40.00 -40.00 -0.0446846244859
45.00 -40.00 -0.209034488813
50.00 -40.00 -0.406057627211
55.00 -40.00 -0.57469309447
60.00 -40.00 -0.67381677983
65.00 -40.00 -0.753620064652
70.00 -40.00 -0.831175784513
75.00 -40.00 -0.845561720526
80.00 -40.00 -0.762899105872
85.00 -40.00 -0.659837857134
90.00 -40.00 -0.636062483017
95.00 -40.00 -0.710920811377
100.00 -40.00 -0.774492193032
105.00 -40.00 -0.717907333381
110.00 -40.00 -0.560726302234
115.00 -40.00 -0.456056945273
120.00 -40.00 -0.532056711763
125.00 -40.00 -0.679729581664
130.00 -40.00 -0.691800942697
135.00 -40.00 -0.580647336169
140.00 -40.00 -0.684810223529
145.00 -40.00 -1.10202156083
150.00 -40.00 -1.43751087682
155.00 -40.00 -1.12473829059
160.00 -40.00 -0.277755130011
165.00 -40.00 0.449643540462
170.00 -40.00 0.485562932013
175.00 -40.00 0.0409894863403
180.00 -40.00 -0.394828967185
-180.00 -35.00 -1.91307713108
-175.00 -35.00 -2.20131249218
-170.00 -35.00 -1.74459030653
-165.00 -35.00 -0.898441718844
-160.00 -35.00 -0.155750251231
-155.00 -35.00 0.278477885117
-150.00 -35.00 0.490346552702
-145.00 -35.00 0.361814738254
-140.00 -35.00 -0.0943631890059
-135.00 -35.00 -0.60843278806
-130.00 -35.00 -0.902226051513
-125.00 -35.00 -1.13594372011
-120.00 -35.00 -1.42620310438
-115.00 -35.00 -1.60415010115
-110.00 -35.00 -1.38976749532
-105.00 -35.00 -0.787886927534
-100.00 -35.00 -0.0387323457796
-95.00 -35.00 0.465213086184
-90.00 -35.00 0.53986370084
-85.00 -35.00 0.289881130486
-80.00 -35.00 0.118093750642
-75.00 -35.00 0.251307789461
-70.00 -35.00 0.604402795912
-65.00 -35.00 0.981800621327
-60.00 -35.00 1.25470755197
-55.00 -35.00 1.45947220298
-50.00 -35.00 1.56047605684
-45.00 -35.00 1.53562690839
-40.00 -35.00 1.40586997576
-35.00 -35.00 1.21534118845
-30.00 -35.00 0.980737516906
-25.00 -35.00 0.755947104098
-20.00 -35.00 0.642285210911
-15.00 -35.00 0.723037541851
-10.00 -35.00 0.903490005851
-5.00 -35.00 0.830761789508
0.00 -35.00 0.242263787246
5.00 -35.00 -0.568790156414
10.00 -35.00 -1.04994486101
15.00 -35.00 -0.918910692136
20.00 -35.00 -0.434645619557
25.00 -35.00 0.0140537274056
30.00 -35.00 0.267385363187
35.00 -35.00 0.348672181889
40.00 -35.00 0.319672543977
45.00 -35.00 0.164890839034
50.00 -35.00 -0.0529347443068
55.00 -35.00 -0.252916564301
60.00 -35.00 -0.393941202658
65.00 -35.00 -0.553878888437
70.00 -35.00 -0.727338896299
75.00 -35.00 -0.818324960132
80.00 -35.00 -0.724788820384
85.00 -35.00 -0.561514520797
90.00 -35.00 -0.524405859141
95.00 -35.00 -0.723149095116
100.00 -35.00 -0.991959505357
105.00 -35.00 -1.05015829532
110.00 -35.00 -0.786821767213
115.00 -35.00 -0.44488435662
120.00 -35.00 -0.392718473494
125.00 -35.00 -0.562012701358
130.00 -35.00 -0.562872659629
135.00 -35.00 -0.254437297064
140.00 -35.00 -0.153126801935
145.00 -35.00 -0.733585501713
150.00 -35.00 -1.57211275674
155.00 -35.00 -1.83228140312
160.00 -35.00 -1.3426250576
165.00 -35.00 -0.737151882215
170.00 -35.00 -0.661853792939
175.00 -35.00 -1.18538738526
180.00 -35.00 -1.91307713108
-180.00 -30.00 -2.30378561735
-175.00 -30.00 -2.85129364778
-170.00 -30.00 -2.53204558406
-165.00 -30.00 -1.31626722927
-160.00 -30.00 0.063868043612
-155.00 -30.00 1.13998538743
-150.00 -30.00 1.74334432514
-145.00 -30.00 1.51554993785
-140.00 -30.00 0.614158065444
-135.00 -30.00 -0.329136230166
-130.00 -30.00 -0.836480552367
-125.00 -30.00 -1.13532296169
-120.00 -30.00 -1.5237168144
-115.00 -30.00 -1.90941484053
-110.00 -30.00 -1.9765961065
-105.00 -30.00 -1.50574358073
-100.00 -30.00 -0.62504372245
-95.00 -30.00 0.210025996198
-90.00 -30.00 0.50808405185
-85.00 -30.00 0.192911881792
-80.00 -30.00 -0.238871566303
-75.00 -30.00 -0.265286486724
-70.00 -30.00 0.152857208789
-65.00 -30.00 0.718094410306
-60.00 -30.00 1.21941594435
-55.00 -30.00 1.55868780511
-50.00 -30.00 1.72495369818
-45.00 -30.00 1.71892413946
-40.00 -30.00 1.62283892077
-35.00 -30.00 1.53263803272
-30.00 -30.00 1.48843290759
-25.00 -30.00 1.49738933816
-20.00 -30.00 1.49427890856
-15.00 -30.00 1.3934243699
-10.00 -30.00 1.18532500542
-5.00 -30.00 0.687117240268
0.00 -30.00 -0.138031090643
5.00 -30.00 -1.02680056284
10.00 -30.00 -1.41430951823
15.00 -30.00 -1.18130511629
20.00 -30.00 -0.694459785815
25.00 -30.00 -0.402247658466
30.00 -30.00 -0.379365449589
35.00 -30.00 -0.417498663044
40.00 -30.00 -0.337929911083
45.00 -30.00 -0.178248166652
50.00 -30.00 -0.0833715464989
55.00 -30.00 -0.0748861115815
60.00 -30.00 -0.0830415358006
65.00 -30.00 -0.149105374699
70.00 -30.00 -0.294731386447
75.00 -30.00 -0.432028015904
80.00 -30.00 -0.426853358954
85.00 -30.00 -0.327875701114
90.00 -30.00 -0.357619450744
95.00 -30.00 -0.718261593868
100.00 -30.00 -1.28979815781
105.00 -30.00 -1.59345999796
110.00 -30.00 -1.23827582989
115.00 -30.00 -0.428000081556
120.00 -30.00 0.0653710493787
125.00 -30.00 -0.0571922685398
130.00 -30.00 -0.272576159072
135.00 -30.00 -0.0627305523386
140.00 -30.00 0.160739957297
145.00 -30.00 -0.383295506219
150.00 -30.00 -1.52174647191
155.00 -30.00 -2.39324686337
160.00 -30.00 -2.52188742854
165.00 -30.00 -2.1820296959
170.00 -30.00 -1.79887303217
175.00 -30.00 -1.75687707095
180.00 -30.00 -2.30378561735
-180.00 -25.00 -1.6538093415
-175.00 -25.00 -1.94082066464
-170.00 -25.00 -1.90377485516
-165.00 -25.00 -1.31743301089
-160.00 -25.00 -0.532372420264
-155.00 -25.00 0.342325250737
-150.00 -25.00 1.19940808614
-145.00 -25.00 1.36540310123
-140.00 -25.00 0.626632366407
-135.00 -25.00 -0.288132590804
-130.00 -25.00 -0.799740942624
-125.00 -25.00 -1.11402374743
-120.00 -25.00 -1.55019113456
-115.00 -25.00 -1.94328349965
-110.00 -25.00 -1.9850729229
-105.00 -25.00 -1.45568113144
-100.00 -25.00 -0.426380359731
-95.00 -25.00 0.646293355133
-90.00 -25.00 1.17755274779
-85.00 -25.00 0.88698049133
-80.00 -25.00 0.31045028384
-75.00 -25.00 0.0465482426717
-70.00 -25.00 0.281665152213
-65.00 -25.00 0.76393973158
-60.00 -25.00 1.24236777713
-55.00 -25.00 1.6248202444
-50.00 -25.00 1.8134732499
-45.00 -25.00 1.74098588448
-40.00 -25.00 1.45354698521
-35.00 -25.00 1.10507464806
-30.00 -25.00 0.956322896503
-25.00 -25.00 1.17544660044
-20.00 -25.00 1.43719838818
-15.00 -25.00 1.37704230703
-10.00 -25.00 0.991795292465
-5.00 -25.00 0.533243839788
0.00 -25.00 -0.0338147235747
5.00 -25.00 -0.734578231889
10.00 -25.00 -1.2151392397
15.00 -25.00 -1.21563775494
20.00 -25.00 -1.00995396949
25.00 -25.00 -1.02366568788
30.00 -25.00 -1.3209110046
35.00 -25.00 -1.48728506529
40.00 -25.00 -1.2116292108
45.00 -25.00 -0.626134686968
50.00 -25.00 -0.135614803815
55.00 -25.00 0.0773341812903
60.00 -25.00 0.176330410507
65.00 -25.00 0.26379065444
70.00 -25.00 0.279635970547
75.00 -25.00 0.197252183708
80.00 -25.00 0.101449774256
85.00 -25.00 0.0356616261275
90.00 -25.00 -0.131501449884
95.00 -25.00 -0.63942342452
100.00 -25.00 -1.49701093628
105.00 -25.00 -2.13118781146
110.00 -25.00 -1.83720098534
115.00 -25.00 -0.640096424571
120.00 -25.00 0.418762899421
125.00 -25.00 0.507969550435
130.00 -25.00 0.0788263045424
135.00 -25.00 -0.0244882966655
140.00 -25.00 0.135985971487
145.00 -25.00 -0.239299533634
150.00 -25.00 -1.26400409809
155.00 -25.00 -2.29501692782
160.00 -25.00 -3.00745053776
165.00 -25.00 -3.20961151512
170.00 -25.00 -2.74752468443
175.00 -25.00 -1.90979344144
180.00 -25.00 -1.6538093415
-180.00 -20.00 -2.17549376565
-175.00 -20.00 -1.72497742693
-170.00 -20.00 -1.37878753654
-165.00 -20.00 -1.23296544791
-160.00 -20.00 -1.381818118
-155.00 -20.00 -1.15903589727
-150.00 -20.00 -0.319238376377
-145.00 -20.00 0.266518951763
-140.00 -20.00 0.0335092570106
-135.00 -20.00 -0.441608578312
-130.00 -20.00 -0.752073595828
-125.00 -20.00 -1.02319079864
-120.00 -20.00 -1.37877901929
-115.00 -20.00 -1.52864158907
-110.00 -20.00 -1.15998660126
-105.00 -20.00 -0.339138613793
-100.00 -20.00 0.688545296654
-95.00 -20.00 1.55593342281
-90.00 -20.00 1.9085664765
-85.00 -20.00 1.60406965193
-80.00 -20.00 1.00279756493
-75.00 -20.00 0.671348463913
-70.00 -20.00 0.761102599513
-65.00 -20.00 1.04740992318
-60.00 -20.00 1.31178603587
-55.00 -20.00 1.5463146612
-50.00 -20.00 1.69159124652
-45.00 -20.00 1.63342536674
-40.00 -20.00 1.24034403302
-35.00 -20.00 0.643167597516
-30.00 -20.00 0.341379895681
-25.00 -20.00 0.682736602393
-20.00 -20.00 1.12292699969
-15.00 -20.00 1.0108647361
-10.00 -20.00 0.586786503701
-5.00 -20.00 0.464864236556
0.00 -20.00 0.420621913038
5.00 -20.00 -0.0452597487187
10.00 -20.00 -0.719058638894
15.00 -20.00 -1.0619693934
20.00 -20.00 -1.09333661828
25.00 -20.00 -1.27417442255
30.00 -20.00 -1.71100272757
35.00 -20.00 -1.8802328383
40.00 -20.00 -1.37269656766
45.00 -20.00 -0.486282117276
50.00 -20.00 0.129654282787
55.00 -20.00 0.252924472532
60.00 -20.00 0.224836194883
65.00 -20.00 0.325802085723
70.00 -20.00 0.519750812263
75.00 -20.00 0.618162417716
80.00 -20.00 0.533446721985
85.00 -20.00 0.333410842009
90.00 -20.00 0.0463692219549
95.00 -20.00 -0.479270431543
100.00 -20.00 -1.39350626345
105.00 -20.00 -2.2556015591
110.00 -20.00 -2.25904783556
115.00 -20.00 -1.11015171126
120.00 -20.00 0.212279575775
125.00 -20.00 0.573288170772
130.00 -20.00 0.155090443181
135.00 -20.00 -0.158286151402
140.00 -20.00 -0.210366726815
145.00 -20.00 -0.606964143723
150.00 -20.00 -1.44385102312
155.00 -20.00 -2.32861262007
160.00 -20.00 -3.28543166901
165.00 -20.00 -4.20862662264
170.00 -20.00 -4.15645559206
175.00 -20.00 -3.14958383529
180.00 -20.00 -2.17549376565
-180.00 -15.00 -3.61728648267
-175.00 -15.00 -2.78891753524
-170.00 -15.00 -1.80422065661
-165.00 -15.00 -1.23417358667
-160.00 -15.00 -1.4440495947
-155.00 -15.00 -1.60154558481
-150.00 -15.00 -1.17546492104
-145.00 -15.00 -0.691653063716
-140.00 -15.00 -0.637629009637
-135.00 -15.00 -0.717634248395
-130.00 -15.00 -0.7453562971
-125.00 -15.00 -0.872226042986
-120.00 -15.00 -1.1104259404
-115.00 -15.00 -1.06807480668
-110.00 -15.00 -0.424979501187
-105.00 -15.00 0.558300895723
-100.00 -15.00 1.3728881657
-95.00 -15.00 1.75920145103
-90.00 -15.00 1.73313210917
-85.00 -15.00 1.39811919801
-80.00 -15.00 1.00473145894
-75.00 -15.00 0.922587888909
-70.00 -15.00 1.2114106624
-65.00 -15.00 1.48579095517
-60.00 -15.00 1.47154365351
-55.00 -15.00 1.33070968984
-50.00 -15.00 1.25610160641
-45.00 -15.00 1.18655588641
-40.00 -15.00 0.960651113349
-35.00 -15.00 0.545544255236
-30.00 -15.00 0.399035796184
-25.00 -15.00 0.787053448924
-20.00 -15.00 1.15030672334
-15.00 -15.00 0.81358318957
-10.00 -15.00 0.247503898835
-5.00 -15.00 0.290269677618
0.00 -15.00 0.535596311576
5.00 -15.00 0.169517873093
10.00 -15.00 -0.642609488502
15.00 -15.00 -1.06727153813
20.00 -15.00 -0.982196195916
25.00 -15.00 -1.00670183757
30.00 -15.00 -1.32033820719
35.00 -15.00 -1.44263283023
40.00 -15.00 -0.902649437407
45.00 -15.00 -0.0496277918179
50.00 -15.00 0.398097500565
55.00 -15.00 0.311547826824
60.00 -15.00 0.0818933759702
65.00 -15.00 0.0847347609693
70.00 -15.00 0.344766342062
75.00 -15.00 0.662261322394
80.00 -15.00 0.790088032762
85.00 -15.00 0.64360473884
90.00 -15.00 0.302001839466
95.00 -15.00 -0.198414062901
100.00 -15.00 -0.962468381831
105.00 -15.00 -1.83012796947
110.00 -15.00 -2.1192251263
115.00 -15.00 -1.38658689248
120.00 -15.00 -0.305810457136
125.00 -15.00 0.0899764849367
130.00 -15.00 -0.207763824042
135.00 -15.00 -0.483829081504
140.00 -15.00 -0.692190119185
145.00 -15.00 -1.33176660997
150.00 -15.00 -2.13518269851
155.00 -15.00 -2.74431536555
160.00 -15.00 -3.54021310117
165.00 -15.00 -4.61664161688
170.00 -15.00 -5.04251671864
175.00 -15.00 -4.42993956997
180.00 -15.00 -3.61728648267
-180.00 -10.00 -3.58223482169
-175.00 -10.00 -3.19646896395
-170.00 -10.00 -1.97399036302
-165.00 -10.00 -0.716310922365
-160.00 -10.00 -0.466375275812
-155.00 -10.00 -0.827714024373
-150.00 -10.00 -1.09773321923
-145.00 -10.00 -1.22329700339
-140.00 -10.00 -1.2466149872
-135.00 -10.00 -1.09900323141
-130.00 -10.00 -0.812330722271
-125.00 -10.00 -0.657299815959
-120.00 -10.00 -0.722584299981
-115.00 -10.00 -0.731485118973
-110.00 -10.00 -0.303066169501
-105.00 -10.00 0.417873345732
-100.00 -10.00 0.962315899198
-95.00 -10.00 1.05508992091
-90.00 -10.00 0.879338363702
-85.00 -10.00 0.622871284959
-80.00 -10.00 0.523567646944
-75.00 -10.00 0.823288431007
-70.00 -10.00 1.45972029912
-65.00 -10.00 1.85134291713
-60.00 -10.00 1.6374392603
-55.00 -10.00 1.11681669797
-50.00 -10.00 0.697555844754
-45.00 -10.00 0.529976214064
-40.00 -10.00 0.504852226442
-35.00 -10.00 0.528138894894
-30.00 -10.00 0.697125067821
-25.00 -10.00 1.12108692679
-20.00 -10.00 1.31546556994
-15.00 -10.00 0.809062592001
-10.00 -10.00 0.145690917571
-5.00 -10.00 0.0868974133659
0.00 -10.00 0.308369487663
5.00 -10.00 -0.0365715572766
10.00 -10.00 -0.83818516162
15.00 -10.00 -1.21087904903
20.00 -10.00 -0.912962266398
25.00 -10.00 -0.543929596566
30.00 -10.00 -0.54512618924
35.00 -10.00 -0.628996687665
40.00 -10.00 -0.364369217739
45.00 -10.00 0.118157028627
50.00 -10.00 0.36313259534
55.00 -10.00 0.285312567492
60.00 -10.00 0.0869990770066
65.00 -10.00 -0.0136420995244
70.00 -10.00 0.164039761496
75.00 -10.00 0.618052534022
80.00 -10.00 1.07643180412
85.00 -10.00 1.14786930589
90.00 -10.00 0.803339700924
95.00 -10.00 0.275075110259
100.00 -10.00 -0.348636185737
105.00 -10.00 -1.03262246545
110.00 -10.00 -1.37097200909
115.00 -10.00 -1.00499283838
120.00 -10.00 -0.421669583795
125.00 -10.00 -0.391124607542
130.00 -10.00 -0.784820512326
135.00 -10.00 -0.948648988303
140.00 -10.00 -1.02679200688
145.00 -10.00 -1.52161796585
150.00 -10.00 -2.07491774729
155.00 -10.00 -2.30565369318
160.00 -10.00 -2.74839549829
165.00 -10.00 -3.56322684774
170.00 -10.00 -3.88937722146
175.00 -10.00 -3.73388364932
180.00 -10.00 -3.58223482169
-180.00 -5.00 -2.31729792574
-175.00 -5.00 -2.43077861471
-170.00 -5.00 -1.34912482918
-165.00 -5.00 0.157888809373
-160.00 -5.00 0.699029288298
-155.00 -5.00 0.0848488289446
-150.00 -5.00 -0.851461032005
-145.00 -5.00 -1.46455027729
-140.00 -5.00 -1.63541880227
-135.00 -5.00 -1.37304762635
-130.00 -5.00 -0.818326072138
-125.00 -5.00 -0.263334826648
-120.00 -5.00 -0.00830030503739
-115.00 -5.00 -0.0663588360112
-110.00 -5.00 -0.100125158537
-105.00 -5.00 0.146016152502
-100.00 -5.00 0.4998598502
-95.00 -5.00 0.661798395559
-90.00 -5.00 0.576302370066
-85.00 -5.00 0.416737749092
-80.00 -5.00 0.415357438535
-75.00 -5.00 0.821885188785
-70.00 -5.00 1.54599958372
-65.00 -5.00 1.9645496318
-60.00 -5.00 1.7088485509
-55.00 -5.00 1.09199409182
-50.00 -5.00 0.552237320666
-45.00 -5.00 0.271565865576
-40.00 -5.00 0.300389322376
-35.00 -5.00 0.486456845683
-30.00 -5.00 0.722657171435
-25.00 -5.00 1.00638558886
-20.00 -5.00 1.04973997553
-15.00 -5.00 0.573584878519
-10.00 -5.00 -0.0697822104314
-5.00 -5.00 -0.209364180162
0.00 -5.00 0.0697861062944
5.00 -5.00 -0.0112019715499
10.00 -5.00 -0.679604124955
15.00 -5.00 -1.21378136307
20.00 -5.00 -0.983448234289
25.00 -5.00 -0.29883891303
30.00 -5.00 0.125599217039
35.00 -5.00 0.119458550741
40.00 -5.00 0.041395583239
45.00 -5.00 0.101512399724
50.00 -5.00 0.229107596514
55.00 -5.00 0.369344518633
60.00 -5.00 0.399334575265
65.00 -5.00 0.302442072553
70.00 -5.00 0.313901103723
75.00 -5.00 0.734637297008
80.00 -5.00 1.36825030966
85.00 -5.00 1.64324658543
90.00 -5.00 1.35714075041
95.00 -5.00 0.850442567477
100.00 -5.00 0.363658835181
105.00 -5.00 -0.0764526003193
110.00 -5.00 -0.284122001668
115.00 -5.00 -0.106771067577
120.00 -5.00 -0.0246472364598
125.00 -5.00 -0.571784616143
130.00 -5.00 -1.26806798055
135.00 -5.00 -1.34936264976
140.00 -5.00 -1.01741561611
145.00 -5.00 -0.867170610394
150.00 -5.00 -0.724749570076
155.00 -5.00 -0.574160406592
160.00 -5.00 -0.938680309497
165.00 -5.00 -1.6883624876
170.00 -5.00 -1.95497910176
175.00 -5.00 -1.89566986542
180.00 -5.00 -2.31729792574
-180.00 0.00 -1.71622089268
-175.00 0.00 -1.93111308796
-170.00 0.00 -1.04146488032
-165.00 0.00 0.334478790075
-160.00 0.00 0.870552653205
-155.00 0.00 0.247667594235
-150.00 0.00 -0.684154377418
-145.00 0.00 -1.31272553618
-140.00 0.00 -1.54537680231
-135.00 0.00 -1.35082235181
-130.00 0.00 -0.678874163332
-125.00 0.00 0.28871738899
-120.00 0.00 1.05001546826
-115.00 0.00 1.15529958461
-110.00 0.00 0.746803013729
-105.00 0.00 0.458497782508
-100.00 0.00 0.666653337203
-95.00 0.00 1.01489462128
-90.00 0.00 1.08878792746
-85.00 0.00 0.849141863104
-80.00 0.00 0.642919515629
-75.00 0.00 0.845853017031
-70.00 0.00 1.43560658398
-65.00 0.00 1.83851850825
-60.00 0.00 1.70826189924
-55.00 0.00 1.31386734434
-50.00 0.00 0.936974581122
-45.00 0.00 0.667899067302
-40.00 0.00 0.530799742263
-35.00 0.00 0.461444081933
-30.00 0.00 0.37157207815
-25.00 0.00 0.363921843346
-20.00 0.00 0.34744670221
-15.00 0.00 0.0445477707075
-10.00 0.00 -0.474674931031
-5.00 0.00 -0.620346158422
0.00 0.00 -0.147944485695
5.00 0.00 0.234564825413
10.00 0.00 -0.176119101432
15.00 0.00 -0.904625174179
20.00 0.00 -1.00653342518
25.00 0.00 -0.323868624811
30.00 0.00 0.393544327438
35.00 0.00 0.571611305203
40.00 0.00 0.358260054735
45.00 0.00 0.137313602186
50.00 0.00 0.131476236297
55.00 0.00 0.368588207119
60.00 0.00 0.616375331038
65.00 0.00 0.649971896855
70.00 0.00 0.620477609029
75.00 0.00 0.916009175395
80.00 0.00 1.48776838118
85.00 0.00 1.77681753627
90.00 0.00 1.59380819812
95.00 0.00 1.28734061743
100.00 0.00 1.11613400785
105.00 0.00 0.947817141667
110.00 0.00 0.812936926065
115.00 0.00 0.717327494869
120.00 0.00 0.270715591754
125.00 0.00 -0.695928161981
130.00 0.00 -1.50049305323
135.00 0.00 -1.45789169203
140.00 0.00 -0.832345311396
145.00 0.00 -0.14266034158
150.00 0.00 0.577265363984
155.00 0.00 1.03179258401
160.00 0.00 0.516908061613
165.00 0.00 -0.530385817356
170.00 0.00 -1.07630580276
175.00 0.00 -1.27605054003
180.00 0.00 -1.71622089268
-180.00 5.00 -1.75449555648
-175.00 5.00 -1.93541314143
-170.00 5.00 -1.36335851249
-165.00 5.00 -0.487736751883
-160.00 5.00 -0.100937883288
-155.00 5.00 -0.26844140264
-150.00 5.00 -0.461983952496
-145.00 5.00 -0.621980842269
-140.00 5.00 -0.93062832423
-135.00 5.00 -1.04246323321
-130.00 5.00 -0.421142607736
-125.00 5.00 0.861486779048
-120.00 5.00 2.14636873218
-115.00 5.00 2.52533118038
-110.00 5.00 1.79477570391
-105.00 5.00 0.851566766212
-100.00 5.00 0.706665745612
-95.00 5.00 1.14610359113
-90.00 5.00 1.33086560686
-85.00 5.00 0.928330059475
-80.00 5.00 0.403715970572
-75.00 5.00 0.438734974465
-70.00 5.00 1.0573628967
-65.00 5.00 1.63555198609
-60.00 5.00 1.73394415518
-55.00 5.00 1.53894391662
-50.00 5.00 1.30755177549
-45.00 5.00 1.03909122044
-40.00 5.00 0.6942307671
-35.00 5.00 0.20968122101
-30.00 5.00 -0.260622480909
-25.00 5.00 -0.41966900469
-20.00 5.00 -0.205838601777
-15.00 5.00 -0.0697014693154
-10.00 5.00 -0.296723499778
-5.00 5.00 -0.507113160342
0.00 5.00 -0.13963945661
5.00 5.00 0.373295555003
10.00 5.00 0.231286381971
15.00 5.00 -0.509951998062
20.00 5.00 -0.907788757606
25.00 5.00 -0.470532768003
30.00 5.00 0.286164815826
35.00 5.00 0.643429228957
40.00 5.00 0.467007519483
45.00 5.00 0.0714030710905
50.00 5.00 -0.16489406491
55.00 5.00 -0.0384108868608
60.00 5.00 0.328861801443
65.00 5.00 0.641658990667
70.00 5.00 0.792492930329
75.00 5.00 1.03023805412
80.00 5.00 1.40480207336
85.00 5.00 1.59942890513
90.00 5.00 1.52083682203
95.00 5.00 1.52023371303
100.00 5.00 1.71048985363
105.00 5.00 1.79154404118
110.00 5.00 1.58027681238
115.00 5.00 1.08035744404
120.00 5.00 0.226876711383
125.00 5.00 -0.795381305433
130.00 5.00 -1.34704563318
135.00 5.00 -1.10187030063
140.00 5.00 -0.446011864772
145.00 5.00 0.178573931701
150.00 5.00 0.914019787598
155.00 5.00 1.44045486348
160.00 5.00 1.05517447426
165.00 5.00 -0.0195980990001
170.00 5.00 -0.840519230736
175.00 5.00 -1.28957808336
180.00 5.00 -1.75449555648
-180.00 10.00 -1.01398623793
-175.00 10.00 -1.35433149544
-170.00 10.00 -1.38903005859
-165.00 10.00 -1.26024713691
-160.00 10.00 -1.14298002072
-155.00 10.00 -0.804516392198
-150.00 10.00 -0.0996457062243
-145.00 10.00 0.323452440756
-140.00 10.00 -0.0361128666958
-135.00 10.00 -0.534395018526
-130.00 10.00 -0.12166627869
-125.00 10.00 1.30757940796
-120.00 10.00 2.8816027157
-115.00 10.00 3.38944684882
-110.00 10.00 2.37891542176
-105.00 10.00 0.867441379087
-100.00 10.00 0.224390133954
-95.00 10.00 0.523912266097
-90.00 10.00 0.774995211478
-85.00 10.00 0.32117589918
-80.00 10.00 -0.324979077586
-75.00 10.00 -0.314051118308
-70.00 10.00 0.516566624263
-65.00 10.00 1.40389937573
-60.00 10.00 1.71634736456
-55.00 10.00 1.57907864209
-50.00 10.00 1.3196478531
-45.00 10.00 1.02366415262
-40.00 10.00 0.597416209958
-35.00 10.00 -0.0165246010092
-30.00 10.00 -0.601245889785
-25.00 10.00 -0.659630286846
-20.00 10.00 -0.0530255991161
-15.00 10.00 0.741949656438
-10.00 10.00 0.952362685334
-5.00 10.00 0.645433421112
0.00 10.00 0.440706982781
5.00 10.00 0.569116796096
10.00 10.00 0.408030285794
15.00 10.00 -0.275032512453
20.00 10.00 -0.879854314283
25.00 10.00 -0.742475676448
30.00 10.00 -0.0386713625955
35.00 10.00 0.445385497345
40.00 10.00 0.285029167804
45.00 10.00 -0.230392652914
50.00 10.00 -0.57957918093
55.00 10.00 -0.480568125164
60.00 10.00 0.0109832779621
65.00 10.00 0.560347562065
70.00 10.00 0.872046574365
75.00 10.00 1.04788918165
80.00 10.00 1.27109516149
85.00 10.00 1.43655627115
90.00 10.00 1.46684591814
95.00 10.00 1.61968491691
100.00 10.00 1.94265149372
105.00 10.00 2.10816462554
110.00 10.00 1.81341818347
115.00 10.00 1.06902894798
120.00 10.00 0.0905020824065
125.00 10.00 -0.690931873974
130.00 10.00 -0.806965608848
135.00 10.00 -0.292931020144
140.00 10.00 0.289968265816
145.00 10.00 0.63352573468
150.00 10.00 0.976755213523
155.00 10.00 1.31885877922
160.00 10.00 1.17198290038
165.00 10.00 0.530262425638
170.00 10.00 -0.0975915811773
175.00 10.00 -0.562369000382
180.00 10.00 -1.01398623793
-180.00 15.00 0.187726044205
-175.00 15.00 -0.196299358432
-170.00 15.00 -0.654483514808
-165.00 15.00 -1.14659744921
-160.00 15.00 -1.42714397514
-155.00 15.00 -0.975550680396
-150.00 15.00 0.179695773342
-145.00 15.00 1.05232146547
-140.00 15.00 0.758571295963
-135.00 15.00 -0.0390761287964
-130.00 15.00 0.0611467805425
-125.00 15.00 1.35141239809
-120.00 15.00 2.8970294203
-115.00 15.00 3.39833322573
-110.00 15.00 2.35243545738
-105.00 15.00 0.659772963177
-100.00 15.00 -0.312884792998
-95.00 15.00 -0.216406323947
-90.00 15.00 0.0757411824676
-85.00 15.00 -0.233622671662
-80.00 15.00 -0.812122988681
-75.00 15.00 -0.791107899117
-70.00 15.00 0.106555196062
-65.00 15.00 1.16450649229
-60.00 15.00 1.64598674409
-55.00 15.00 1.5322794251
-50.00 15.00 1.2302492417
-45.00 15.00 0.969479776991
-40.00 15.00 0.701111266145
-35.00 15.00 0.305467514026
-30.00 15.00 -0.099850226737
-25.00 15.00 -0.0530789272791
-20.00 15.00 0.723723755307
-15.00 15.00 1.83314701504
-10.00 15.00 2.36659180417
-5.00 15.00 1.98914492544
0.00 15.00 1.33975391146
5.00 15.00 0.979607349053
10.00 15.00 0.651637261406
15.00 15.00 -0.0938539484188
20.00 15.00 -0.896213281395
25.00 15.00 -0.994293821549
30.00 15.00 -0.385229330482
35.00 15.00 0.0714207237564
40.00 15.00 -0.175549288502
45.00 15.00 -0.674897759772
50.00 15.00 -0.757784663628
55.00 15.00 -0.337793847593
60.00 15.00 0.29944032241
65.00 15.00 0.776955890397
70.00 15.00 0.947103665479
75.00 15.00 0.949770483471
80.00 15.00 1.12713255534
85.00 15.00 1.38427752062
90.00 15.00 1.55738324189
95.00 15.00 1.71401203013
100.00 15.00 1.95415992705
105.00 15.00 2.04844646793
110.00 15.00 1.72064661897
115.00 15.00 0.967686180823
120.00 15.00 0.071651992554
125.00 15.00 -0.467437693016
130.00 15.00 -0.324220430943
135.00 15.00 0.373116389214
140.00 15.00 1.02672058203
145.00 15.00 1.28739664006
150.00 15.00 1.318480862
155.00 15.00 1.28937970616
160.00 15.00 1.12074934992
165.00 15.00 0.833956289117
170.00 15.00 0.612345746877
175.00 15.00 0.439102364299
180.00 15.00 0.187726044205
-180.00 20.00 0.779395234531
-175.00 20.00 0.667780253103
-170.00 20.00 0.20460076989
-165.00 20.00 -0.515299976159
-160.00 20.00 -1.10722125377
-155.00 20.00 -0.945536466557
-150.00 20.00 0.14648674328
-145.00 20.00 1.12076041036
-140.00 20.00 0.963403667865
-135.00 20.00 0.0554777329808
-130.00 20.00 -0.174414994131
-125.00 20.00 0.772851815302
-120.00 20.00 2.0480769963
-115.00 20.00 2.46823293748
-110.00 20.00 1.65027389895
-105.00 20.00 0.275337570492
-100.00 20.00 -0.526109131974
-95.00 20.00 -0.419460403132
-90.00 20.00 -0.0678338619572
-85.00 20.00 -0.196204013392
-80.00 20.00 -0.666112189433
-75.00 20.00 -0.65520124118
-70.00 20.00 0.1447721609
-65.00 20.00 1.18147726975
-60.00 20.00 1.72272015284
-55.00 20.00 1.64456578429
-50.00 20.00 1.33101946884
-45.00 20.00 1.10726358811
-40.00 20.00 1.03136021735
-35.00 20.00 0.918884101202
-30.00 20.00 0.722102656342
-25.00 20.00 0.739279205258
-20.00 20.00 1.31135121501
-15.00 20.00 2.20727098564
-10.00 20.00 2.67779863987
-5.00 20.00 2.38194570998
0.00 20.00 1.76925835624
5.00 20.00 1.41491774569
10.00 20.00 1.12756923119
15.00 20.00 0.444523897788
20.00 20.00 -0.383845702227
25.00 20.00 -0.686050534812
30.00 20.00 -0.398655700456
35.00 20.00 -0.330255610263
40.00 20.00 -0.869363240748
45.00 20.00 -1.25681933324
50.00 20.00 -0.882797228344
55.00 20.00 -0.0192478226049
60.00 20.00 0.654044387327
65.00 20.00 0.853382922361
70.00 20.00 0.689825763944
75.00 20.00 0.576798622923
80.00 20.00 0.82320962404
85.00 20.00 1.29425495274
90.00 20.00 1.64864265124
95.00 20.00 1.84982841051
100.00 20.00 2.03956635352
105.00 20.00 2.09317546592
110.00 20.00 1.76018138391
115.00 20.00 1.01863608252
120.00 20.00 0.129652494489
125.00 20.00 -0.42874842673
130.00 20.00 -0.303494381515
135.00 20.00 0.410296093945
140.00 20.00 1.1771631902
145.00 20.00 1.5833295136
150.00 20.00 1.55291673805
155.00 20.00 1.21330011991
160.00 20.00 0.766257965367
165.00 20.00 0.468681290795
170.00 20.00 0.453811175559
175.00 20.00 0.646310750084
180.00 20.00 0.779395234531
-180.00 25.00 0.757534773508
-175.00 25.00 0.902398696399
-170.00 25.00 0.607827623902
-165.00 25.00 -0.0330701501312
-160.00 25.00 -0.696869615182
-155.00 25.00 -0.824277340621
-150.00 25.00 -0.159925009211
-145.00 25.00 0.614414413607
-140.00 25.00 0.566954651778
-135.00 25.00 -0.164857819473
-130.00 25.00 -0.527067396289
-125.00 25.00 0.0495260633438
-120.00 25.00 0.883320507273
-115.00 25.00 1.07819945805
-110.00 25.00 0.433031111695
-105.00 25.00 -0.356363285503
-100.00 25.00 -0.552553880088
-95.00 25.00 -0.0541814540198
-90.00 25.00 0.399443086481
-85.00 25.00 0.294121704991
-80.00 25.00 -0.108929498077
-75.00 25.00 -0.0408366060754
-70.00 25.00 0.724687828889
-65.00 25.00 1.66885785063
-60.00 25.00 2.12257134922
-55.00 25.00 1.95408401904
-50.00 25.00 1.53890989695
-45.00 25.00 1.22966571662
-40.00 25.00 1.14117539127
-35.00 25.00 1.10191602206
-30.00 25.00 0.999599465213
-25.00 25.00 0.984892868896
-20.00 25.00 1.2782992126
-15.00 25.00 1.76511857466
-10.00 25.00 2.00294751973
-5.00 25.00 1.79350954767
0.00 25.00 1.49445139792
5.00 25.00 1.47867317189
10.00 25.00 1.5360488779
15.00 25.00 1.28695286686
20.00 25.00 0.760935937349
25.00 25.00 0.400543336303
30.00 25.00 0.200912379199
35.00 25.00 -0.325378185953
40.00 25.00 -1.21036204559
45.00 25.00 -1.70530321342
50.00 25.00 -1.28561154578
55.00 25.00 -0.417904034158
60.00 25.00 0.112480541774
65.00 25.00 0.109529027929
70.00 25.00 -0.109478066067
75.00 25.00 -0.0958845021071
80.00 25.00 0.315299634164
85.00 25.00 0.882338253569
90.00 25.00 1.31431704342
95.00 25.00 1.66672200101
100.00 25.00 2.07323946207
105.00 25.00 2.35761261951
110.00 25.00 2.17179239417
115.00 25.00 1.42612802513
120.00 25.00 0.422926035719
125.00 25.00 -0.293263297807
130.00 25.00 -0.306593899162
135.00 25.00 0.315455315329
140.00 25.00 1.0852135885
145.00 25.00 1.55190447311
150.00 25.00 1.52801750921
155.00 25.00 1.07103042967
160.00 25.00 0.44709305396
165.00 25.00 0.0164172161966
170.00 25.00 0.00274094631175
175.00 25.00 0.346945043912
180.00 25.00 0.757534773508
-180.00 30.00 0.633941275303
-175.00 30.00 0.711247160487
-170.00 30.00 0.470889744367
-165.00 30.00 0.0465692822902
-160.00 30.00 -0.391178103846
-155.00 30.00 -0.51828774763
-150.00 30.00 -0.178783869098
-145.00 30.00 0.344269716983
-140.00 30.00 0.426325034735
-135.00 30.00 0.101538864809
-130.00 30.00 -0.0521458715088
-125.00 30.00 0.256196617701
-120.00 30.00 0.558412481965
-115.00 30.00 0.322849979392
-110.00 30.00 -0.30695870306
-105.00 30.00 -0.685789601348
-100.00 30.00 -0.311862355649
-95.00 30.00 0.450017133274
-90.00 30.00 0.886967527947
-85.00 30.00 0.669626841273
-80.00 30.00 0.325154858846
-75.00 30.00 0.550758997743
-70.00 30.00 1.35689604842
-65.00 30.00 2.16983581429
-60.00 30.00 2.41470248691
-55.00 30.00 2.11014066811
-50.00 30.00 1.58781788441
-45.00 30.00 1.20913754541
-40.00 30.00 1.03381958359
-35.00 30.00 0.993729483064
-30.00 30.00 0.978376546603
-25.00 30.00 1.02109361401
-20.00 30.00 1.22588668263
-15.00 30.00 1.42501295952
-10.00 30.00 1.41454855791
-5.00 30.00 1.18490498997
0.00 30.00 1.01348988545
5.00 30.00 1.10874071704
10.00 30.00 1.39314025461
15.00 30.00 1.58471410094
20.00 30.00 1.57552203592
25.00 30.00 1.40891981158
30.00 30.00 1.08876724349
35.00 30.00 0.377335217176
40.00 30.00 -0.627995888641
45.00 30.00 -1.46700260707
50.00 30.00 -1.64969797466
55.00 30.00 -1.33877020747
60.00 30.00 -1.03646303873
65.00 30.00 -0.92221385195
70.00 30.00 -0.859746811986
75.00 30.00 -0.642476408391
80.00 30.00 -0.279004927833
85.00 30.00 0.0163891886077
90.00 30.00 0.229326515066
95.00 30.00 0.692463656614
100.00 30.00 1.5557874843
105.00 30.00 2.46801862261
110.00 30.00 2.73455563392
115.00 30.00 2.19423271025
120.00 30.00 1.22611816376
125.00 30.00 0.493007940839
130.00 30.00 0.405352443682
135.00 30.00 0.852494009582
140.00 30.00 1.35166092303
145.00 30.00 1.51998266773
150.00 30.00 1.32367892173
155.00 30.00 0.888761944364
160.00 30.00 0.413780967072
165.00 30.00 0.0956722015333
170.00 30.00 0.087702470778
175.00 30.00 0.339041531077
180.00 30.00 0.633941275303
-180.00 35.00 0.636552684341
-175.00 35.00 0.382243665994
-170.00 35.00 0.0711782749519
-165.00 35.00 -0.111868271209
-160.00 35.00 -0.0873553191437
-155.00 35.00 0.150663267889
-150.00 35.00 0.560902209815
-145.00 35.00 1.02765663301
-140.00 35.00 1.31788017692
-135.00 35.00 1.40399845617
-130.00 35.00 1.49174022693
-125.00 35.00 1.61664017436
-120.00 35.00 1.5390014353
-115.00 35.00 0.983927073879
-110.00 35.00 0.306836765525
-105.00 35.00 0.0
-100.00 35.00 0.299409402934
-95.00 35.00 0.733965729335
-90.00 35.00 0.748810511584
-85.00 35.00 0.379167570166
-80.00 35.00 0.222255372586
-75.00 35.00 0.674225144404
-70.00 35.00 1.48278045079
-65.00 35.00 2.03080638963
-60.00 35.00 2.04166738294
-55.00 35.00 1.69053049237
-50.00 35.00 1.31421565699
-45.00 35.00 1.11416336967
-40.00 35.00 1.0943939756
-35.00 35.00 1.21473996887
-30.00 35.00 1.3696504211
-25.00 35.00 1.55158090454
-20.00 35.00 1.72643742017
-15.00 35.00 1.84159277657
-10.00 35.00 1.80238856225
-5.00 35.00 1.56414668899
0.00 35.00 1.22735546586
5.00 35.00 0.917546899301
10.00 35.00 0.818356467277
15.00 35.00 0.934785498823
20.00 35.00 1.16228636618
25.00 35.00 1.39525607341
30.00 35.00 1.46087891518
35.00 35.00 1.14569513922
40.00 35.00 0.326530684777
45.00 35.00 -0.760389345407
50.00 35.00 -1.59719831262
55.00 35.00 -1.87956887754
60.00 35.00 -1.65298100146
65.00 35.00 -1.23495045715
70.00 35.00 -0.855645422534
75.00 35.00 -0.651630674128
80.00 35.00 -0.673020573658
85.00 35.00 -0.93512736112
90.00 35.00 -1.08333654777
95.00 35.00 -0.612241211164
100.00 35.00 0.685423154633
105.00 35.00 2.20468435202
110.00 35.00 3.07652300427
115.00 35.00 2.95247401839
120.00 35.00 2.25073561601
125.00 35.00 1.62254905156
130.00 35.00 1.4778663004
135.00 35.00 1.5837868763
140.00 35.00 1.55553454031
145.00 35.00 1.21001778948
150.00 35.00 0.765911071993
155.00 35.00 0.49430883749
160.00 35.00 0.444085216516
165.00 35.00 0.517570992702
170.00 35.00 0.62546343462
175.00 35.00 0.698878104945
180.00 35.00 0.636552684341
-180.00 40.00 0.809301196893
-175.00 40.00 0.341910817217
-170.00 40.00 -0.0272903419903
-165.00 40.00 -0.0136469400202
-160.00 40.00 0.399436544409
-155.00 40.00 1.03668384323
-150.00 40.00 1.73731563185
-145.00 40.00 2.29740879743
-140.00 40.00 2.62767471111
-135.00 40.00 2.74930737567
-130.00 40.00 2.74537990991
-125.00 40.00 2.7037171772
-120.00 40.00 2.53070013753
-115.00 40.00 2.15814103949
-110.00 40.00 1.69475137794
-105.00 40.00 1.34468987085
-100.00 40.00 1.12257804158
-95.00 40.00 0.804303419856
-90.00 40.00 0.290928916474
-85.00 40.00 -0.135740469443
-80.00 40.00 -0.0462242284991
-75.00 40.00 0.559257779689
-70.00 40.00 1.23264006232
-65.00 40.00 1.44406930469
-60.00 40.00 1.22361209854
-55.00 40.00 0.883653867533
-50.00 40.00 0.744268357403
-45.00 40.00 0.851041749736
-40.00 40.00 1.13899284397
-35.00 40.00 1.48041614635
-30.00 40.00 1.76677884442
-25.00 40.00 1.9985890795
-20.00 40.00 2.236024012
-15.00 40.00 2.53854523681
-10.00 40.00 2.86272510266
-5.00 40.00 2.90633326904
0.00 40.00 2.41075400103
5.00 40.00 1.4971411669
10.00 40.00 0.53299663393
15.00 40.00 0.0164104808363
20.00 40.00 0.0708968458328
25.00 40.00 0.468333275051
30.00 40.00 0.896086913122
35.00 40.00 0.973848550095
40.00 40.00 0.451106426766
45.00 40.00 -0.589069764793
50.00 40.00 -1.56112540106
55.00 40.00 -1.89876580505
60.00 40.00 -1.49094888403
65.00 40.00 -0.758120934313
70.00 40.00 -0.235165463244
75.00 40.00 -0.169398917231
80.00 40.00 -0.564436790324
85.00 40.00 -1.1958669627
90.00 40.00 -1.52368262607
95.00 40.00 -1.08482196949
100.00 40.00 0.255681466638
105.00 40.00 1.84639773188
110.00 40.00 2.92533731349
115.00 40.00 3.07618657954
120.00 40.00 2.64720181565
125.00 40.00 2.14388358379
130.00 40.00 1.86717667829
135.00 40.00 1.62214433945
140.00 40.00 1.16860400735
145.00 40.00 0.578429368293
150.00 40.00 0.131077709194
155.00 40.00 0.136785812437
160.00 40.00 0.496193139217
165.00 40.00 0.944965841072
170.00 40.00 1.1907825429
175.00 40.00 1.14641852898
180.00 40.00 0.809301196893
-180.00 45.00 1.14475053279
-175.00 45.00 0.779920123045
-170.00 45.00 0.530511543404
-165.00 45.00 0.586141202879
-160.00 45.00 0.982627618215
-155.00 45.00 1.63037668473
-150.00 45.00 2.25870452655
-145.00 45.00 2.67884919447
-140.00 45.00 2.78062985994
-135.00 45.00 2.6211185744
-130.00 45.00 2.40094294304
-125.00 45.00 2.31379049997
-120.00 45.00 2.41866868278
-115.00 45.00 2.55461419926
-110.00 45.00 2.58336184722
-105.00 45.00 2.35415714933
-100.00 45.00 1.82273387345
-95.00 45.00 1.06967409535
-90.00 45.00 0.371749840769
-85.00 45.00 0.0433598462424
-80.00 45.00 0.287726872008
-75.00 45.00 0.82229568683
-70.00 45.00 1.18395195299
-65.00 45.00 1.05867994374
-60.00 45.00 0.58954421279
-55.00 45.00 0.164138487376
-50.00 45.00 0.0466895081184
-45.00 45.00 0.214961920075
-40.00 45.00 0.554785376545
-35.00 45.00 0.886282727319
-30.00 45.00 1.12709037357
-25.00 45.00 1.34680643627
-20.00 45.00 1.67784360744
-15.00 45.00 2.29147093573
-10.00 45.00 3.0381313513
-5.00 45.00 3.45328332457
0.00 45.00 3.08907823849
5.00 45.00 1.92240121157
10.00 45.00 0.537238505525
15.00 45.00 -0.46972559139
20.00 45.00 -0.725575951017
25.00 45.00 -0.450466013046
30.00 45.00 -0.0381632570772
35.00 45.00 0.0982023533737
40.00 45.00 -0.29263161676
45.00 45.00 -1.00968744092
50.00 45.00 -1.60957252307
55.00 45.00 -1.57611308348
60.00 45.00 -0.898506300008
65.00 45.00 -0.04407106477
70.00 45.00 0.478725828009
75.00 45.00 0.420153798941
80.00 45.00 -0.0602417890889
85.00 45.00 -0.632894654778
90.00 45.00 -0.853853830591
95.00 45.00 -0.459086511162
100.00 45.00 0.525066785063
105.00 45.00 1.66397119077
110.00 45.00 2.41075445599
115.00 45.00 2.55749216237
120.00 45.00 2.28733392304
125.00 45.00 1.91320920032
130.00 45.00 1.60392807186
135.00 45.00 1.26859567938
140.00 45.00 0.837614707976
145.00 45.00 0.405914502302
150.00 45.00 0.193548841886
155.00 45.00 0.358332346442
160.00 45.00 0.77508823612
165.00 45.00 1.2197010635
170.00 45.00 1.45266383811
175.00 45.00 1.4191785634
180.00 45.00 1.14475053279
-180.00 50.00 1.2557527554
-175.00 50.00 1.25739957608
-170.00 50.00 1.23175227654
-165.00 50.00 1.24949774454
-160.00 50.00 1.34713968299
-155.00 50.00 1.51615755752
-150.00 50.00 1.68146460898
-145.00 50.00 1.7394857094
-140.00 50.00 1.61572931144
-135.00 50.00 1.40858172482
-130.00 50.00 1.28915910721
-125.00 50.00 1.41692659542
-120.00 50.00 1.85055774257
-115.00 50.00 2.34016721669
-110.00 50.00 2.64788951364
-105.00 50.00 2.55560620379
-100.00 50.00 2.0855019793
-95.00 50.00 1.41613160784
-90.00 50.00 0.834578081918
-85.00 50.00 0.631553903201
-80.00 50.00 0.767973253349
-75.00 50.00 1.0122344314
-70.00 50.00 1.02678158619
-65.00 50.00 0.660922888475
-60.00 50.00 0.104038332257
-55.00 50.00 -0.398130292578
-50.00 50.00 -0.641454144275
-45.00 50.00 -0.645233008765
-40.00 50.00 -0.510228983299
-35.00 50.00 -0.33912566111
-30.00 50.00 -0.215124958686
-25.00 50.00 -0.0496976727481
-20.00 50.00 0.281947140151
-15.00 50.00 0.895982030278
-10.00 50.00 1.61680133728
-5.00 50.00 2.05396167922
0.00 50.00 1.90053356529
5.00 50.00 1.12797546627
10.00 50.00 0.157201273977
15.00 50.00 -0.551260667907
20.00 50.00 -0.723517133505
25.00 50.00 -0.546099776042
30.00 50.00 -0.326087773388
35.00 50.00 -0.312607179569
40.00 50.00 -0.591232324082
45.00 50.00 -0.932737116588
50.00 50.00 -1.02396858423
55.00 50.00 -0.64566690645
60.00 50.00 0.0747896549694
65.00 50.00 0.771630436729
70.00 50.00 1.08160572641
75.00 50.00 0.885675260862
80.00 50.00 0.422068290497
85.00 50.00 0.0218477756451
90.00 50.00 -0.0381310346922
95.00 50.00 0.312876280455
100.00 50.00 0.941972529311
105.00 50.00 1.56546965383
110.00 50.00 1.94555658243
115.00 50.00 2.0141928811
120.00 50.00 1.887310364
125.00 50.00 1.73467329355
130.00 50.00 1.61116625316
135.00 50.00 1.5165274819
140.00 50.00 1.40213353323
145.00 50.00 1.25887049385
150.00 50.00 1.17566982425
155.00 50.00 1.17471415954
160.00 50.00 1.20831287006
165.00 50.00 1.23520436933
170.00 50.00 1.24436593231
175.00 50.00 1.25241456808
180.00 50.00 1.2557527554
-180.00 55.00 1.03687185882
-175.00 55.00 1.28105120951
-170.00 55.00 1.47373276652
-165.00 55.00 1.49815489938
-160.00 55.00 1.35059601606
-155.00 55.00 1.12820178527
-150.00 55.00 0.918772656665
-145.00 55.00 0.769837599937
-140.00 55.00 0.728468558339
-135.00 55.00 0.827523135951
-130.00 55.00 1.07484389708
-125.00 55.00 1.48556919232
-120.00 55.00 1.94565510011
-115.00 55.00 2.27959251646
-110.00 55.00 2.3609617152
-105.00 55.00 2.09997786425
-100.00 55.00 1.61268245597
-95.00 55.00 1.05494036688
-90.00 55.00 0.594498627217
-85.00 55.00 0.362387529171
-80.00 55.00 0.292873465938
-75.00 55.00 0.239592721076
-70.00 55.00 0.0710965279568
-65.00 55.00 -0.227795146242
-60.00 55.00 -0.594411324067
-55.00 55.00 -0.909668850523
-50.00 55.00 -1.0783778789
-45.00 55.00 -1.10838740767
-40.00 55.00 -1.04153986163
-35.00 55.00 -0.928331568188
-30.00 55.00 -0.818741193434
-25.00 55.00 -0.687252703161
-20.00 55.00 -0.513769859637
-15.00 55.00 -0.298181973813
-10.00 55.00 -0.0744237337603
-5.00 55.00 0.0522699608887
0.00 55.00 -0.0164862340039
5.00 55.00 -0.247300336513
10.00 55.00 -0.450939877853
15.00 55.00 -0.464953335802
20.00 55.00 -0.286111274533
25.00 55.00 -0.0687488405403
30.00 55.00 0.0550198762772
35.00 55.00 0.0303145131312
40.00 55.00 -0.082916449047
45.00 55.00 -0.0831589317742
50.00 55.00 0.194366173373
55.00 55.00 0.738376966362
60.00 55.00 1.36557116326
65.00 55.00 1.77786310194
70.00 55.00 1.75449370669
75.00 55.00 1.35346690403
80.00 55.00 0.813808539975
85.00 55.00 0.392269156928
90.00 55.00 0.301960761663
95.00 55.00 0.522143804451
100.00 55.00 0.900736941656
105.00 55.00 1.27524342786
110.00 55.00 1.49815478707
115.00 55.00 1.5795452801
120.00 55.00 1.62254380205
125.00 55.00 1.72537631376
130.00 55.00 1.93153509173
135.00 55.00 2.22128643366
140.00 55.00 2.49123770758
145.00 55.00 2.64219102907
150.00 55.00 2.57512521651
155.00 55.00 2.26731096731
160.00 55.00 1.79844160046
165.00 55.00 1.29670875252
170.00 55.00 0.959274344495
175.00 55.00 0.882698223715
180.00 55.00 1.03687185882
-180.00 60.00 0.859564653911
-175.00 60.00 1.04659786271
-170.00 60.00 1.25246207613
-165.00 60.00 1.33865826866
-160.00 60.00 1.25371665484
-155.00 60.00 1.06801288946
-150.00 60.00 0.890442924351
-145.00 60.00 0.841448695271
-140.00 60.00 0.997822763564
-135.00 60.00 1.2992398293
-130.00 60.00 1.66312580315
-125.00 60.00 2.00115277122
-120.00 60.00 2.16528668158
-115.00 60.00 2.06910633615
-110.00 60.00 1.71981354233
-105.00 60.00 1.16772360877
-100.00 60.00 0.551957009494
-95.00 60.00 0.0108703036918
-90.00 60.00 -0.407830483896
-85.00 60.00 -0.667189235681
-80.00 60.00 -0.794567412535
-75.00 60.00 -0.871186518039
-70.00 60.00 -0.948214258189
-65.00 60.00 -1.03047563614
-60.00 60.00 -1.09559072134
-55.00 60.00 -1.1045327608
-50.00 60.00 -1.04900171471
-45.00 60.00 -0.940801690668
-40.00 60.00 -0.775039756323
-35.00 60.00 -0.58486833873
-30.00 60.00 -0.430707382185
-25.00 60.00 -0.350942730268
-20.00 60.00 -0.359299738716
-15.00 60.00 -0.480444227561
-10.00 60.00 -0.666915310766
-5.00 60.00 -0.866129554372
0.00 60.00 -1.02362374152
5.00 60.00 -1.04168329895
10.00 60.00 -0.91527069745
15.00 60.00 -0.685091718492
20.00 60.00 -0.441256251401
25.00 60.00 -0.276926706661
30.00 60.00 -0.233316204192
35.00 60.00 -0.222749326934
40.00 60.00 -0.107486136187
45.00 60.00 0.234668902238
50.00 60.00 0.834047992684
55.00 60.00 1.55853184053
60.00 60.00 2.1710780244
65.00 60.00 2.4742131135
70.00 60.00 2.36812129709
75.00 60.00 1.92347213781
80.00 60.00 1.3159645061
85.00 60.00 0.77066139322
90.00 60.00 0.460280592895
95.00 60.00 0.400531450919
100.00 60.00 0.485245245873
105.00 60.00 0.594605353007
110.00 60.00 0.668572947793
115.00 60.00 0.745408618652
120.00 60.00 0.901690144184
125.00 60.00 1.22225868658
130.00 60.00 1.76193309369
135.00 60.00 2.45495881112
140.00 60.00 3.12384434877
145.00 60.00 3.57580508351
150.00 60.00 3.63940824174
155.00 60.00 3.29085126537
160.00 60.00 2.6376434165
165.00 60.00 1.86063284267
170.00 60.00 1.20326488236
175.00 60.00 0.86184407498
180.00 60.00 0.859564653911
-180.00 65.00 0.916429187092
-175.00 65.00 0.884058216774
-170.00 65.00 0.972518062066
-165.00 65.00 1.06947007116
-160.00 65.00 1.12328369777
-155.00 65.00 1.13949522965
-150.00 65.00 1.16162598416
-145.00 65.00 1.23312875692
-140.00 65.00 1.37831620402
-135.00 65.00 1.55051195303
-130.00 65.00 1.67310087498
-125.00 65.00 1.67241505748
-120.00 65.00 1.4776138715
-115.00 65.00 1.10278841962
-110.00 65.00 0.602940128577
-105.00 65.00 0.0599978187111
-100.00 65.00 -0.436264658329
-95.00 65.00 -0.78533061571
-90.00 65.00 -0.971220023436
-85.00 65.00 -1.03770082192
-80.00 65.00 -1.02819554302
-75.00 65.00 -0.972318287638
-70.00 65.00 -0.908026331537
-65.00 65.00 -0.862555761675
-60.00 65.00 -0.830447214156
-55.00 65.00 -0.800766061718
-50.00 65.00 -0.757112591888
-45.00 65.00 -0.691427410501
-40.00 65.00 -0.592715551489
-35.00 65.00 -0.474613909265
-30.00 65.00 -0.370114730677
-25.00 65.00 -0.317870610679
-20.00 65.00 -0.370442148313
-15.00 65.00 -0.538678078946
-10.00 65.00 -0.780577596993
-5.00 65.00 -1.03780504979
0.00 65.00 -1.25810765379
5.00 65.00 -1.38435416367
10.00 65.00 -1.44205411959
15.00 65.00 -1.47269430915
20.00 65.00 -1.50659846151
25.00 65.00 -1.55757441328
30.00 65.00 -1.58776461024
35.00 65.00 -1.50709206876
40.00 65.00 -1.21627444384
45.00 65.00 -0.667533620173
50.00 65.00 0.0848507255831
55.00 65.00 0.914093383549
60.00 65.00 1.65476686748
65.00 65.00 2.13724549864
70.00 65.00 2.24280991283
75.00 65.00 2.03236014599
80.00 65.00 1.63678886023
85.00 65.00 1.18383176031
90.00 65.00 0.771367396274
95.00 65.00 0.462326747933
100.00 65.00 0.246126950511
105.00 65.00 0.0901916588002
110.00 65.00 -0.00273132626379
115.00 65.00 0.0
120.00 65.00 0.169262489798
125.00 65.00 0.570793010824
130.00 65.00 1.22436533836
135.00 65.00 2.01328377232
140.00 65.00 2.7878260047
145.00 65.00 3.38682054431
150.00 65.00 3.66448466449
155.00 65.00 3.51180741837
160.00 65.00 3.00235152409
165.00 65.00 2.32945887989
170.00 65.00 1.66997720032
175.00 65.00 1.17465732253
180.00 65.00 0.916429187092
-180.00 70.00 0.94674733004
-175.00 70.00 0.815739105943
-170.00 70.00 0.789388153383
-165.00 70.00 0.82628917225
-160.00 70.00 0.888009929087
-155.00 70.00 0.949977900176
-150.00 70.00 0.990391426956
-145.00 70.00 1.00103175927
-140.00 70.00 0.973675905955
-135.00 70.00 0.897308901132
-130.00 70.00 0.760960163044
-125.00 70.00 0.550949508351
-120.00 70.00 0.267284916367
-115.00 70.00 -0.0572718165216
-110.00 70.00 -0.376314142355
-105.00 70.00 -0.629784390023
-100.00 70.00 -0.774053841653
-95.00 70.00 -0.80655159105
-90.00 70.00 -0.746513508379
-85.00 70.00 -0.623948955389
-80.00 70.00 -0.479662286192
-75.00 70.00 -0.359898671156
-70.00 70.00 -0.297377540038
-65.00 70.00 -0.322197565826
-60.00 70.00 -0.418155758139
-55.00 70.00 -0.549898095534
-50.00 70.00 -0.701149671179
-45.00 70.00 -0.844635224446
-40.00 70.00 -0.950107506656
-35.00 70.00 -1.0007719111
-30.00 70.00 -1.00728151159
-25.00 70.00 -1.00520022953
-20.00 70.00 -1.0109170027
-15.00 70.00 -1.04085155
-10.00 70.00 -1.10315889621
-5.00 70.00 -1.19775641969
0.00 70.00 -1.3272868228
5.00 70.00 -1.49161490843
10.00 70.00 -1.6934670917
15.00 70.00 -1.903088451
20.00 70.00 -2.11002576508
25.00 70.00 -2.28772887543
30.00 70.00 -2.38514103051
35.00 70.00 -2.33726667023
40.00 70.00 -2.07275498658
45.00 70.00 -1.59004812603
50.00 70.00 -0.955907267018
55.00 70.00 -0.254339878801
60.00 70.00 0.416210445938
65.00 70.00 0.970423242192
70.00 70.00 1.33621925855
75.00 70.00 1.49336369684
80.00 70.00 1.48801630823
85.00 70.00 1.36955818866
90.00 70.00 1.17934572824
95.00 70.00 0.958814005069
100.00 70.00 0.746754336323
105.00 70.00 0.56264973947
110.00 70.00 0.436496742671
115.00 70.00 0.395324396851
120.00 70.00 0.477115722301
125.00 70.00 0.731162488362
130.00 70.00 1.13638221452
135.00 70.00 1.62814983267
140.00 70.00 2.10841403468
145.00 70.00 2.4917391316
150.00 70.00 2.69997288672
155.00 70.00 2.67927599013
160.00 70.00 2.44196539796
165.00 70.00 2.05373488729
170.00 70.00 1.61707353336
175.00 70.00 1.22397040908
180.00 70.00 0.94674733004
-180.00 75.00 0.799885618952
-175.00 75.00 0.694354612093
-170.00 75.00 0.63018930404
-165.00 75.00 0.590890868878
-160.00 75.00 0.565485307369
-155.00 75.00 0.534847232463
-150.00 75.00 0.485337861381
-145.00 75.00 0.403335831906
-140.00 75.00 0.280629145645
-135.00 75.00 0.128048826393
-130.00 75.00 -0.0490456535748
-125.00 75.00 -0.237104087836
-120.00 75.00 -0.41980170249
-115.00 75.00 -0.572589721853
-110.00 75.00 -0.673571174086
-105.00 75.00 -0.711768785758
-100.00 75.00 -0.687173450886
-95.00 75.00 -0.610737448719
-90.00 75.00 -0.501608681236
-85.00 75.00 -0.381617081382
-80.00 75.00 -0.278027683992
-75.00 75.00 -0.223527671184
-70.00 75.00 -0.234482597442
-65.00 75.00 -0.319129417383
-60.00 75.00 -0.461203836699
-55.00 75.00 -0.63626921679
-50.00 75.00 -0.82800011689
-45.00 75.00 -1.00907421811
-40.00 75.00 -1.15748823204
-35.00 75.00 -1.24844692253
-30.00 75.00 -1.27620967343
-25.00 75.00 -1.24889142552
-20.00 75.00 -1.18840969063
-15.00 75.00 -1.11125082317
-10.00 75.00 -1.04213202236
-5.00 75.00 -0.992056036791
0.00 75.00 -0.977463004175
5.00 75.00 -1.00922149669
10.00 75.00 -1.09548998551
15.00 75.00 -1.21451799461
20.00 75.00 -1.35019772101
25.00 75.00 -1.46466951016
30.00 75.00 -1.52812853987
35.00 75.00 -1.51326870695
40.00 75.00 -1.40336125189
45.00 75.00 -1.18954375623
50.00 75.00 -0.887478173665
55.00 75.00 -0.515768245127
60.00 75.00 -0.109881056523
65.00 75.00 0.291433021984
70.00 75.00 0.651793350784
75.00 75.00 0.940324246296
80.00 75.00 1.1484494562
85.00 75.00 1.28434262273
90.00 75.00 1.36465056889
95.00 75.00 1.39790883634
100.00 75.00 1.39554185807
105.00 75.00 1.36623543134
110.00 75.00 1.32948781397
115.00 75.00 1.29912146789
120.00 75.00 1.29958159711
125.00 75.00 1.3417195359
130.00 75.00 1.42009199075
135.00 75.00 1.5292623152
140.00 75.00 1.62811994389
145.00 75.00 1.69435522266
150.00 75.00 1.69996072151
155.00 75.00 1.62497279055
160.00 75.00 1.49103250272
165.00 75.00 1.31198618275
170.00 75.00 1.11852184201
175.00 75.00 0.944066598905
180.00 75.00 0.799885618952
-180.00 80.00 0.375473734628
-175.00 80.00 0.30948523454
-170.00 80.00 0.246305449849
-165.00 80.00 0.185957489298
-160.00 80.00 0.122976863729
-155.00 80.00 0.0573570686275
-150.00 80.00 -0.0191114539184
-145.00 80.00 -0.0982653457008
-140.00 80.00 -0.185602196875
-135.00 80.00 -0.281153868833
-130.00 80.00 -0.374033458048
-125.00 80.00 -0.461525011765
-120.00 80.00 -0.535431669846
-115.00 80.00 -0.593005975085
-110.00 80.00 -0.634209547052
-105.00 80.00 -0.648077187777
-100.00 80.00 -0.642775151363
-95.00 80.00 -0.623760850316
-90.00 80.00 -0.596508952014
-85.00 80.00 -0.566491214311
-80.00 80.00 -0.550123850944
-75.00 80.00 -0.547428115523
-70.00 80.00 -0.569348644974
-65.00 80.00 -0.610411680218
-60.00 80.00 -0.665148115692
-55.00 80.00 -0.722605447419
-50.00 80.00 -0.780026852766
-45.00 80.00 -0.818243288995
-40.00 80.00 -0.842728619093
-35.00 80.00 -0.839779937094
-30.00 80.00 -0.809429855959
-25.00 80.00 -0.757167679211
-20.00 80.00 -0.685788337322
-15.00 80.00 -0.60079787383
-10.00 80.00 -0.515889820172
-5.00 80.00 -0.433801180909
0.00 80.00 -0.362726547774
5.00 80.00 -0.305368546387
10.00 80.00 -0.272620745028
15.00 80.00 -0.26173731856
20.00 80.00 -0.269995745618
25.00 80.00 -0.283773138278
30.00 80.00 -0.297613007907
35.00 80.00 -0.289649192609
40.00 80.00 -0.259816660701
45.00 80.00 -0.199823460292
50.00 80.00 -0.104101035142
55.00 80.00 0.0164473684303
60.00 80.00 0.159056638028
65.00 80.00 0.315416380627
70.00 80.00 0.471698331859
75.00 80.00 0.62503477594
80.00 80.00 0.758899822217
85.00 80.00 0.881492844746
90.00 80.00 0.984644303825
95.00 80.00 1.06572188224
100.00 80.00 1.12764034124
105.00 80.00 1.16783872983
110.00 80.00 1.18919711581
115.00 80.00 1.1890836019
120.00 80.00 1.17295989448
125.00 80.00 1.14624442133
130.00 80.00 1.11156156973
135.00 80.00 1.07150923256
140.00 80.00 1.01777213114
145.00 80.00 0.955688358764
150.00 80.00 0.882447066653
155.00 80.00 0.797988266163
160.00 80.00 0.707771124766
165.00 80.00 0.617331015754
170.00 80.00 0.52946008193
175.00 80.00 0.44698883995
180.00 80.00 0.375473734628
-180.00 85.00 -0.229866210346
-175.00 85.00 -0.270911906131
-170.00 85.00 -0.306479919869
-165.00 85.00 -0.344780493103
-160.00 85.00 -0.380350502166
-155.00 85.00 -0.415931411794
-150.00 85.00 -0.451519966288
-145.00 85.00 -0.484390951257
-140.00 85.00 -0.520021093801
-135.00 85.00 -0.555673769301
-130.00 85.00 -0.585876426794
-125.00 85.00 -0.616097036373
-120.00 85.00 -0.63812505779
-115.00 85.00 -0.662905334884
-110.00 85.00 -0.682215805845
-105.00 85.00 -0.698788793117
-100.00 85.00 -0.709876654016
-95.00 85.00 -0.718222214327
-90.00 85.00 -0.723794125027
-85.00 85.00 -0.726610479574
-80.00 85.00 -0.723913207913
-75.00 85.00 -0.721185938196
-70.00 85.00 -0.710197832817
-65.00 85.00 -0.704665362067
-60.00 85.00 -0.688138525765
-55.00 85.00 -0.671587700947
-50.00 85.00 -0.652278755631
-45.00 85.00 -0.627479433193
-40.00 85.00 -0.599938812359
-35.00 85.00 -0.569660506182
-30.00 85.00 -0.533921419985
-25.00 85.00 -0.495459682513
-20.00 85.00 -0.454284423993
-15.00 85.00 -0.413135667668
-10.00 85.00 -0.369278848816
-5.00 85.00 -0.328187249728
0.00 85.00 -0.289855123198
5.00 85.00 -0.254280768386
10.00 85.00 -0.221455201875
15.00 85.00 -0.19411239537
20.00 85.00 -0.169512388652
25.00 85.00 -0.147647893837
30.00 85.00 -0.125786167668
35.00 85.00 -0.109391240489
40.00 85.00 -0.0875225658079
45.00 85.00 -0.0656482082566
50.00 85.00 -0.0410332165326
55.00 85.00 -0.0109427148903
60.00 85.00 0.0164140723405
65.00 85.00 0.0492408701708
70.00 85.00 0.079326546027
75.00 85.00 0.106670316044
80.00 85.00 0.136739052529
85.00 85.00 0.158595616853
90.00 85.00 0.18044373977
95.00 85.00 0.194085864049
100.00 85.00 0.202263178011
105.00 85.00 0.207709880788
110.00 85.00 0.207698527883
115.00 85.00 0.202230012858
120.00 85.00 0.18856968568
125.00 85.00 0.172186436606
130.00 85.00 0.147603499982
135.00 85.00 0.12028595614
140.00 85.00 0.0874950456214
145.00 85.00 0.051959062021
150.00 85.00 0.0109406197888
155.00 85.00 -0.0273556647169
160.00 85.00 -0.0711344585549
165.00 85.00 -0.112185080958
170.00 85.00 -0.153237840823
175.00 85.00 -0.194290342495
180.00 85.00 -0.229866210346
-180.00 90.00 -0.506540804281
-175.00 90.00 -0.506540804281
-170.00 90.00 -0.506540804281
-165.00 90.00 -0.506540804281
-160.00 90.00 -0.506540804281
-155.00 90.00 -0.506540804281
-150.00 90.00 -0.506540804281
-145.00 90.00 -0.506540804281
-140.00 90.00 -0.506540804281
-135.00 90.00 -0.506540804281
-130.00 90.00 -0.506540804281
-125.00 90.00 -0.506540804281
-120.00 90.00 -0.506540804281
-115.00 90.00 -0.506540804281
-110.00 90.00 -0.506540804281
-105.00 90.00 -0.506540804281
-100.00 90.00 -0.506540804281
-95.00 90.00 -0.506540804281
-90.00 90.00 -0.506540804281
-85.00 90.00 -0.506540804281
-80.00 90.00 -0.506540804281
-75.00 90.00 -0.506540804281
-70.00 90.00 -0.506540804281
-65.00 90.00 -0.506540804281
-60.00 90.00 -0.506540804281
-55.00 90.00 -0.506540804281
-50.00 90.00 -0.506540804281
-45.00 90.00 -0.506540804281
-40.00 90.00 -0.506540804281
-35.00 90.00 -0.506540804281
-30.00 90.00 -0.506540804281
-25.00 90.00 -0.506540804281
-20.00 90.00 -0.506540804281
-15.00 90.00 -0.506540804281
-10.00 90.00 -0.506540804281
-5.00 90.00 -0.506540804281
0.00 90.00 -0.506540804281
5.00 90.00 -0.506540804281
10.00 90.00 -0.506540804281
15.00 90.00 -0.506540804281
20.00 90.00 -0.506540804281
25.00 90.00 -0.506540804281
30.00 90.00 -0.506540804281
35.00 90.00 -0.506540804281
40.00 90.00 -0.506540804281
45.00 90.00 -0.506540804281
50.00 90.00 -0.506540804281
55.00 90.00 -0.506540804281
60.00 90.00 -0.506540804281
65.00 90.00 -0.506540804281
70.00 90.00 -0.506540804281
75.00 90.00 -0.506540804281
80.00 90.00 -0.506540804281
85.00 90.00 -0.506540804281
90.00 90.00 -0.506540804281
95.00 90.00 -0.506540804281
100.00 90.00 -0.506540804281
105.00 90.00 -0.506540804281
110.00 90.00 -0.506540804281
115.00 90.00 -0.506540804281
120.00 90.00 -0.506540804281
125.00 90.00 -0.506540804281
130.00 90.00 -0.506540804281
135.00 90.00 -0.506540804281
140.00 90.00 -0.506540804281
145.00 90.00 -0.506540804281
150.00 90.00 -0.506540804281
155.00 90.00 -0.506540804281
160.00 90.00 -0.506540804281
165.00 90.00 -0.506540804281
170.00 90.00 -0.506540804281
175.00 90.00 -0.506540804281
180.00 90.00 -0.506540804281
