0 0 3555 1.8926
0 -100 3555 -4.108
0 100 3555 -3.7505
0 -10 3555 -6.3861
0 10 3555 -9.5218
0 -105 3555 -6.108
0 105 3555 -6.1173
0 -110 3555 -7.4887
0 110 3555 -7.3839
0 -115 3555 -15.999
0 115 3555 0.18392
0 -120 3555 -9.7982
0 120 3555 6.2837
0 -125 3555 1.7057
0 125 3555 7.8389
0 -130 3555 1.0028
0 130 3555 4.8616
0 -135 3555 2.9712
0 135 3555 0.92045
0 -140 3555 4.1357
0 140 3555 -2.8188
0 -145 3555 1.0925
0 145 3555 -3.2606
0 -150 3555 -5.2261
0 150 3555 -6.008
0 -15 3555 -2.2899
0 15 3555 1.2354
0 -155 3555 -3.6181
0 155 3555 -2.8962
0 -160 3555 -2.7587
0 160 3555 -1.2015
0 -165 3555 5.2406
0 165 3555 3.4644
0 -170 3555 5.3288
0 170 3555 -6.0523
0 -175 3555 5.3284
0 175 3555 2.2227
0 -180 3555 5.2069
0 -20 3555 0.077554
0 20 3555 -4.0467
0 -25 3555 -3.0538
0 25 3555 -4.3535
0 -30 3555 -4.4738
0 30 3555 -4.3814
0 -35 3555 -4.8965
0 35 3555 -4.476
0 -40 3555 -6.0436
0 40 3555 -1.246
0 -45 3555 -5.2609
0 45 3555 3.7466
0 -50 3555 -6.5882
0 50 3555 6.2868
0 -5 3555 -2.9552
0 5 3555 -3.9008
0 -55 3555 -4.4392
0 55 3555 8.3663
0 -60 3555 3.5175
0 60 3555 9.3162
0 -65 3555 6.6747
0 65 3555 6.7736
0 -70 3555 8.5699
0 70 3555 -6.6194
0 -75 3555 8.5817
0 75 3555 -4.5836
0 -80 3555 7.2676
0 80 3555 -6.7702
0 -85 3555 4.5932
0 85 3555 -2.7791
0 -90 3555 2.5303
0 90 3555 5.3931
0 -95 3555 -0.87073
0 95 3555 4.0031
-10 0 3555 -1.8472
10 0 3555 4.0763
-10 -100 3555 -3.1174
-10 100 3555 3.3179
10 -100 3555 2.046
10 100 3555 -4.8682
-10 -10 3555 -1.2456
-10 10 3555 -0.033322
10 -10 3555 -13.932
10 10 3555 2.0457
-10 -105 3555 0.77526
-10 105 3555 -11.669
10 -105 3555 -1.1355
10 105 3555 0.33338
-10 -110 3555 -5.5972
-10 110 3555 -10.447
10 -110 3555 -5.8888
10 110 3555 2.6956
-10 -115 3555 -3.6195
-10 115 3555 -1.1696
10 -115 3555 -12.661
10 115 3555 6.9959
-10 -120 3555 -3.1857
-10 120 3555 3.0223
10 -120 3555 -19.859
10 120 3555 8.6915
-10 -125 3555 -7.4359
-10 125 3555 7.0567
10 -125 3555 -5.6067
10 125 3555 7.7274
-10 -130 3555 -2.5931
-10 130 3555 7.7685
10 -130 3555 -4.5376
10 130 3555 4.3892
-10 -135 3555 0.87696
-10 135 3555 5.1395
10 -135 3555 -1.4335
10 135 3555 -3.3774
-10 -140 3555 1.0216
-10 140 3555 -2.0446
10 -140 3555 0.98373
10 140 3555 -5.2045
-10 -145 3555 -5.775
-10 145 3555 -4.4264
10 -145 3555 0.35803
10 145 3555 -3.7766
-10 -150 3555 1.3816
-10 150 3555 -4.6735
10 -150 3555 -4.3512
10 150 3555 -2.3507
-10 -15 3555 -2.016
-10 15 3555 -2.263
10 -15 3555 -8.4181
10 15 3555 -7.1686
-10 -155 3555 1.0383
-10 155 3555 -3.6203
10 -155 3555 -0.94975
10 155 3555 -1.8477
-10 -160 3555 2.0171
-10 160 3555 -3.564
10 -160 3555 -1.1254
10 160 3555 -5.2591
-10 -165 3555 3.0172
-10 165 3555 -6.0545
10 -165 3555 -1.0197
10 165 3555 -0.0020884
-10 -170 3555 2.5974
-10 170 3555 -6.1743
10 -170 3555 2.673
10 170 3555 -1.224
-10 -175 3555 1.323
-10 175 3555 -5.416
10 -175 3555 -3.9365
10 175 3555 -12.308
-10 -180 3555 -0.57124
10 -180 3555 -3.6416
-10 -20 3555 0.76113
-10 20 3555 5.4422
10 -20 3555 -4.4419
10 20 3555 -6.0894
-10 -25 3555 -1.8498
-10 25 3555 2.8046
10 -25 3555 -3.8673
10 25 3555 -3.3912
-10 -30 3555 -4.6705
-10 30 3555 -3.8683
10 -30 3555 -8.176
10 30 3555 -3.0831
-10 -35 3555 -7.2617
-10 35 3555 -4.6415
10 -35 3555 -9.2668
10 35 3555 -1.2872
-10 -40 3555 -5.9235
-10 40 3555 -2.8362
10 -40 3555 -9.2902
10 40 3555 2.6473
-10 -45 3555 -2.826
-10 45 3555 -0.21685
10 -45 3555 -7.217
10 45 3555 4.0446
-10 -50 3555 3.5317
-10 50 3555 1.5454
10 -50 3555 -6.71
10 50 3555 6.2076
-10 -5 3555 -3.2082
-10 5 3555 1.998
10 -5 3555 -7.9653
10 5 3555 4.6878
-10 -55 3555 6.3911
-10 55 3555 2.9279
10 -55 3555 -6.3786
10 55 3555 6.6225
-10 -60 3555 5.1311
-10 60 3555 5.9003
10 -60 3555 -0.94852
10 60 3555 4.6533
-10 -65 3555 6.9947
-10 65 3555 4.0535
10 -65 3555 3.4166
10 65 3555 -7.402
-10 -70 3555 9.336
-10 70 3555 5.8933
10 -70 3555 7.5518
10 70 3555 -11.404
-10 -75 3555 7.4473
-10 75 3555 7.4123
10 -75 3555 8.341
10 75 3555 -4.0276
-10 -80 3555 4.2441
-10 80 3555 7.4284
10 -80 3555 7.655
10 80 3555 -1.5748
-10 -85 3555 -0.4865
-10 85 3555 6.7718
10 -85 3555 7.6903
10 85 3555 0.091166
-10 -90 3555 -4.4775
-10 90 3555 5.2438
10 -90 3555 6.2931
10 90 3555 -2.0188
-10 -95 3555 -5.0488
-10 95 3555 4.3249
10 -95 3555 4.6206
10 95 3555 -5.2725
-15 0 3555 -3.0421
15 0 3555 2.5767
-15 -100 3555 -5.629
-15 100 3555 0.60491
15 -100 3555 4.655
15 100 3555 0.94326
-15 -10 3555 -3.0714
-15 10 3555 2.6957
15 -10 3555 2.1754
15 10 3555 5.3743
-15 -105 3555 -1.7643
-15 105 3555 -19.024
15 -105 3555 2.0801
15 105 3555 3.6993
-15 -110 3555 2.9637
-15 110 3555 -7.2247
15 -110 3555 -3.413
15 110 3555 0.29866
-15 -115 3555 -14.875
-15 115 3555 -0.96925
15 -115 3555 -13.253
15 115 3555 4.5621
-15 -120 3555 -9.3974
-15 120 3555 3.3452
15 -120 3555 -15.825
15 120 3555 6.0773
-15 -125 3555 -9.413
-15 125 3555 7.0842
15 -125 3555 -7.1463
15 125 3555 7.602
-15 -130 3555 -13.16
-15 130 3555 9.0093
15 -130 3555 -5.6022
15 130 3555 3.9211
-15 -135 3555 -2.7313
-15 135 3555 5.3458
15 -135 3555 -2.9628
15 135 3555 -3.9213
-15 -140 3555 -1.0679
-15 140 3555 -1.4947
15 -140 3555 2.8555
15 140 3555 -13.513
-15 -145 3555 -0.97698
-15 145 3555 -1.5328
15 -145 3555 3.3423
15 145 3555 -15.487
-15 -150 3555 -2.029
-15 150 3555 -3.195
15 -150 3555 -0.11983
15 150 3555 -11.771
-15 -15 3555 -0.69962
-15 15 3555 1.107
15 -15 3555 6.9227
15 15 3555 -2.2359
-15 -155 3555 -2.1881
-15 155 3555 -3.6777
15 -155 3555 -4.2079
15 155 3555 -13.677
-15 -160 3555 -0.19908
-15 160 3555 -3.9557
15 -160 3555 -6.833
15 160 3555 -5.2815
-15 -165 3555 1.831
-15 165 3555 -0.62267
15 -165 3555 -8.5293
15 165 3555 -8.2231
-15 -170 3555 1.977
-15 170 3555 -0.27635
15 -170 3555 -10.455
15 170 3555 -4.8724
-15 -175 3555 1.9916
-15 175 3555 -0.14438
15 -175 3555 -3.6051
15 175 3555 -4.3002
-15 -180 3555 0.11744
15 -180 3555 -3.6672
-15 -20 3555 0.25227
-15 20 3555 6.4551
15 -20 3555 -2.8392
15 20 3555 -3.0157
-15 -25 3555 -1.86
-15 25 3555 1.0878
15 -25 3555 -6.1791
15 25 3555 -1.5289
-15 -30 3555 -6.2848
-15 30 3555 -3.4229
15 -30 3555 -6.4091
15 30 3555 -0.61328
-15 -35 3555 -7.9719
-15 35 3555 -4.1579
15 -35 3555 -5.5128
15 35 3555 2.0771
-15 -40 3555 -2.1098
-15 40 3555 -3.6368
15 -40 3555 -4.5227
15 40 3555 5.98
-15 -45 3555 2.958
-15 45 3555 -3.2213
15 -45 3555 -4.2895
15 45 3555 6.8221
-15 -50 3555 7.0604
-15 50 3555 -1.1251
15 -50 3555 -4.9006
15 50 3555 7.1779
-15 -5 3555 -2.9879
-15 5 3555 -0.65217
15 -5 3555 -4.4728
15 5 3555 6.397
-15 -55 3555 7.4976
-15 55 3555 0.050466
15 -55 3555 -4.866
15 55 3555 6.627
-15 -60 3555 4.4887
-15 60 3555 1.2826
15 -60 3555 -1.3211
15 60 3555 7.5036
-15 -65 3555 7.3712
-15 65 3555 2.3874
15 -65 3555 5.449
15 65 3555 0.038305
-15 -70 3555 9.9273
-15 70 3555 2.1445
15 -70 3555 7.7411
15 70 3555 2.0751
-15 -75 3555 7.5046
-15 75 3555 2.5999
15 -75 3555 7.9759
15 75 3555 2.6086
-15 -80 3555 0.25235
-15 80 3555 2.1382
15 -80 3555 8.1651
15 80 3555 6.6625
-15 -85 3555 -5.5223
-15 85 3555 1.223
15 -85 3555 7.4519
15 85 3555 5.5614
-15 -90 3555 -6.08
-15 90 3555 2.8725
15 -90 3555 6.6359
15 90 3555 0.06681
-15 -95 3555 -3.8495
-15 95 3555 1.5545
15 -95 3555 6.2642
15 95 3555 0.36503
-20 0 3555 -2.3215
20 0 3555 -0.62674
-20 -100 3555 -3.9629
-20 100 3555 -3.1869
20 -100 3555 4.8929
20 100 3555 -1.7971
-20 -10 3555 -3.413
-20 10 3555 -0.73287
20 -10 3555 -4.8582
20 10 3555 3.6586
-20 -105 3555 -1.9965
-20 105 3555 -13.172
20 -105 3555 2.0634
20 105 3555 -5.5358
-20 -110 3555 -1.0428
-20 110 3555 -8.4498
20 -110 3555 -5.5481
20 110 3555 -0.89045
-20 -115 3555 1.6278
-20 115 3555 -1.7962
20 -115 3555 -14.079
20 115 3555 -5.4656
-20 -120 3555 0.98489
-20 120 3555 3.0298
20 -120 3555 -19.8
20 120 3555 -14.486
-20 -125 3555 -3.0691
-20 125 3555 5.7726
20 -125 3555 -12.064
20 125 3555 2.1205
-20 -130 3555 1.6919
-20 130 3555 8.508
20 -130 3555 -6.2587
20 130 3555 -1.0221
-20 -135 3555 3.9009
-20 135 3555 7.089
20 -135 3555 -5.694
20 135 3555 1.472
-20 -140 3555 -3.031
-20 140 3555 4.1018
20 -140 3555 3.2241
20 140 3555 -5.1805
-20 -145 3555 -4.9319
-20 145 3555 2.3802
20 -145 3555 4.8971
20 145 3555 -10.56
-20 -150 3555 -6.0758
-20 150 3555 0.5783
20 -150 3555 3.8279
20 150 3555 -7.3319
-20 -15 3555 -1.3922
-20 15 3555 2.4532
20 -15 3555 4.6901
20 15 3555 0.28078
-20 -155 3555 -4.7953
-20 155 3555 0.77895
20 -155 3555 0.10236
20 155 3555 -5.1506
-20 -160 3555 -1.6603
-20 160 3555 1.3133
20 -160 3555 -2.658
20 160 3555 -6.2623
-20 -165 3555 -0.048662
-20 165 3555 1.9624
20 -165 3555 -5.6699
20 165 3555 -5.7929
-20 -170 3555 0.7319
-20 170 3555 2.2907
20 -170 3555 -6.9068
20 170 3555 -5.6487
-20 -175 3555 1.177
-20 175 3555 -3.4389
20 -175 3555 -5.7684
20 175 3555 -5.5276
-20 -180 3555 1.6042
20 -180 3555 -4.4557
-20 -20 3555 -0.043837
-20 20 3555 3.8351
20 -20 3555 4.7845
20 20 3555 1.4171
-20 -25 3555 -3.3075
-20 25 3555 -2.7866
20 -25 3555 -5.3062
20 25 3555 3.4995
-20 -30 3555 -7.9524
-20 30 3555 -5.8097
20 -30 3555 -5.2148
20 30 3555 4.6098
-20 -35 3555 -5.8047
-20 35 3555 -3.9816
20 -35 3555 -2.6894
20 35 3555 5.7347
-20 -40 3555 1.5175
-20 40 3555 -5.1647
20 -40 3555 -3.9293
20 40 3555 7.4602
-20 -45 3555 6.4067
-20 45 3555 -4.0737
20 -45 3555 -5.1176
20 45 3555 6.6891
-20 -50 3555 8.1131
-20 50 3555 -3.5175
20 -50 3555 -6.3942
20 50 3555 8.9425
-20 -5 3555 -2.207
-20 5 3555 -2.6921
20 -5 3555 0.03267
20 5 3555 4.1883
-20 -55 3555 7.9744
-20 55 3555 -3.5123
20 -55 3555 -6.444
20 55 3555 6.7056
-20 -60 3555 7.5967
-20 60 3555 -1.1734
20 -60 3555 -2.333
20 60 3555 3.8136
-20 -65 3555 9.304
-20 65 3555 -0.87059
20 -65 3555 4.3621
20 65 3555 -1.4235
-20 -70 3555 9.736
-20 70 3555 -2.2703
20 -70 3555 7.9855
20 70 3555 -1.289
-20 -75 3555 5.7066
-20 75 3555 -2.0842
20 -75 3555 8.2187
20 75 3555 0.9883
-20 -80 3555 -2.3475
-20 80 3555 -0.47911
20 -80 3555 7.963
20 80 3555 -0.04123
-20 -85 3555 -8.2082
-20 85 3555 1.5803
20 -85 3555 7.7157
20 85 3555 5.2857
-20 -90 3555 -5.449
-20 90 3555 2.3149
20 -90 3555 6.4573
20 90 3555 5.0102
-20 -95 3555 -2.1272
-20 95 3555 -1.9233
20 -95 3555 5.6772
20 95 3555 2.6631
-25 0 3555 -3.3088
25 0 3555 -1.6859
-25 -100 3555 -5.2987
-25 100 3555 -4.3534
25 -100 3555 3.9757
25 100 3555 2.3299
-25 -10 3555 -2.0899
-25 10 3555 -5.2432
25 -10 3555 -5.8608
25 10 3555 2.944
-25 -105 3555 -2.316
-25 105 3555 -19.413
25 -105 3555 -2.9386
25 105 3555 -4.7687
-25 -110 3555 7.4876
-25 110 3555 -9.3881
25 -110 3555 -10.462
25 110 3555 -6.532
-25 -115 3555 -6.683
-25 115 3555 -6.3307
25 -115 3555 -11.879
25 115 3555 -9.628
-25 -120 3555 2.6377
-25 120 3555 -3.642
25 -120 3555 -14.664
25 120 3555 -8.5903
-25 -125 3555 -7.7264
-25 125 3555 3.8715
25 -125 3555 -10.185
25 125 3555 -8.5285
-25 -130 3555 -5.5622
-25 130 3555 7.4717
25 -130 3555 -7.3812
25 130 3555 -3.7981
-25 -135 3555 3.2841
-25 135 3555 7.789
25 -135 3555 -4.0505
25 135 3555 6.9322
-25 -140 3555 -4.9209
-25 140 3555 6.0337
25 -140 3555 2.3615
25 140 3555 3.3411
-25 -145 3555 -4.7373
-25 145 3555 3.8261
25 -145 3555 5.6374
25 145 3555 -5.0781
-25 -150 3555 -6.4035
-25 150 3555 3.7691
25 -150 3555 5.3131
25 150 3555 -6.8615
-25 -15 3555 -1.9332
-25 15 3555 -0.91669
25 -15 3555 -4.651
25 15 3555 2.8466
-25 -155 3555 -5.5168
-25 155 3555 4.0238
25 -155 3555 3.7473
25 155 3555 -4.9306
-25 -160 3555 -3.1539
-25 160 3555 3.6223
25 -160 3555 0.23253
25 160 3555 -5.5501
-25 -165 3555 2.5118
-25 165 3555 2.4108
25 -165 3555 -2.5265
25 165 3555 -7.2493
-25 -170 3555 4.0707
-25 170 3555 -1.1276
25 -170 3555 -4.2502
25 170 3555 -7.0704
-25 -175 3555 5.8395
-25 175 3555 1.4886
25 -175 3555 -3.8224
25 175 3555 -6.6396
-25 -180 3555 1.9039
25 -180 3555 -4.7618
-25 -20 3555 -0.60484
-25 20 3555 0.57261
25 -20 3555 -7.5192
25 20 3555 3.1924
-25 -25 3555 -2.8651
-25 25 3555 -1.3127
25 -25 3555 -4.9161
25 25 3555 5.9963
-25 -30 3555 -5.7155
-25 30 3555 -6.121
25 -30 3555 -4.2502
25 30 3555 6.4118
-25 -35 3555 -2.8972
-25 35 3555 -4.3755
25 -35 3555 -2.4932
25 35 3555 6.8132
-25 -40 3555 3.1789
-25 40 3555 -3.9552
25 -40 3555 -4.7786
25 40 3555 7.5659
-25 -45 3555 5.7083
-25 45 3555 -3.9587
25 -45 3555 -5.0027
25 45 3555 7.7489
-25 -50 3555 7.1208
-25 50 3555 -4.4664
25 -50 3555 -7.0748
25 50 3555 6.5715
-25 -5 3555 -1.6591
-25 5 3555 -3.702
25 -5 3555 -2.8957
25 5 3555 0.87858
-25 -55 3555 8.4363
-25 55 3555 -4.2302
25 -55 3555 -8.0747
25 55 3555 5.9805
-25 -60 3555 8.7345
-25 60 3555 -5.4642
25 -60 3555 -2.7174
25 60 3555 5.53
-25 -65 3555 9.4669
-25 65 3555 -4.9977
25 -65 3555 3.5252
25 65 3555 -16.375
-25 -70 3555 8.2965
-25 70 3555 -4.108
25 -70 3555 8.1181
25 70 3555 -7.4644
-25 -75 3555 4.6104
-25 75 3555 -3.7394
25 -75 3555 7.8963
25 75 3555 -4.3722
-25 -80 3555 -1.5777
-25 80 3555 -1.4603
25 -80 3555 8.1917
25 80 3555 -1.8623
-25 -85 3555 -6.5131
-25 85 3555 1.0118
25 -85 3555 6.9278
25 85 3555 -0.99218
-25 -90 3555 -5.7564
-25 90 3555 0.66344
25 -90 3555 6.3193
25 90 3555 -0.020953
-25 -95 3555 -3.5331
-25 95 3555 -3.2607
25 -95 3555 5.1623
25 95 3555 2.8199
-30 0 3555 -5.0245
30 0 3555 -1.9979
-30 -100 3555 -4.7759
-30 100 3555 -15.59
30 -100 3555 1.8341
30 100 3555 8.1899
-30 -10 3555 -0.51729
-30 10 3555 -4.8508
30 -10 3555 -11.567
30 10 3555 4.0954
-30 -105 3555 -4.9851
-30 105 3555 -11.038
30 -105 3555 -5.1329
30 105 3555 0.082819
-30 -110 3555 -3.725
-30 110 3555 -8.5788
30 -110 3555 -12.802
30 110 3555 -6.851
-30 -115 3555 -4.437
-30 115 3555 -13.099
30 -115 3555 -11.733
30 115 3555 -6.4119
-30 -120 3555 -4.5913
-30 120 3555 -4.5777
30 -120 3555 -14.05
30 120 3555 -2.2633
-30 -125 3555 -6.1622
-30 125 3555 2.955
30 -125 3555 -8.933
30 125 3555 -2.1976
-30 -130 3555 -6.4615
-30 130 3555 6.0792
30 -130 3555 -6.5294
30 130 3555 -0.49843
-30 -135 3555 -9.7765
-30 135 3555 7.7942
30 -135 3555 -1.9478
30 135 3555 4.6947
-30 -140 3555 -2.2509
-30 140 3555 7.3848
30 -140 3555 1.7889
30 140 3555 3.7962
-30 -145 3555 -3.9215
-30 145 3555 7.1711
30 -145 3555 3.9537
30 145 3555 -0.0036694
-30 -150 3555 -3.9582
-30 150 3555 6.4809
30 -150 3555 4.2168
30 150 3555 -4.5838
-30 -15 3555 -0.30025
-30 15 3555 1.3098
30 -15 3555 -3.9999
30 15 3555 4.3137
-30 -155 3555 -1.2441
-30 155 3555 6.9652
30 -155 3555 3.9578
30 155 3555 -3.72
-30 -160 3555 -2.4883
-30 160 3555 6.6298
30 -160 3555 2.5852
30 160 3555 -1.4836
-30 -165 3555 -1.4529
-30 165 3555 5.6464
30 -165 3555 0.59317
30 165 3555 -2.7386
-30 -170 3555 5.3544
-30 170 3555 3.3353
30 -170 3555 -0.097502
30 170 3555 -4.121
-30 -175 3555 7.0214
-30 175 3555 3.5069
30 -175 3555 -0.76223
30 175 3555 -4.2024
-30 -180 3555 5.6664
30 -180 3555 -2.9233
-30 -20 3555 -0.083552
-30 20 3555 5.0715
30 -20 3555 -7.2587
30 20 3555 5.5003
-30 -25 3555 -0.90047
-30 25 3555 6.1222
30 -25 3555 -8.0743
30 25 3555 6.2227
-30 -30 3555 -2.7953
-30 30 3555 -1.9791
30 -30 3555 -7.2208
30 30 3555 6.2052
-30 -35 3555 -1.2636
-30 35 3555 -3.404
30 -35 3555 -2.6975
30 35 3555 6.1619
-30 -40 3555 1.3862
-30 40 3555 -8.3753
30 -40 3555 0.093094
30 40 3555 6.9471
-30 -45 3555 3.9615
-30 45 3555 -9.3534
30 -45 3555 -2.8817
30 45 3555 7.3714
-30 -50 3555 6.934
-30 50 3555 -10.882
30 -50 3555 -8.9042
30 50 3555 7.2011
-30 -5 3555 -3.3651
-30 5 3555 -5.5797
30 -5 3555 -2.7695
30 5 3555 2.6518
-30 -55 3555 8.4702
-30 55 3555 -10.231
30 -55 3555 -7.838
30 55 3555 6.8452
-30 -60 3555 8.7784
-30 60 3555 -9.8099
30 -60 3555 -1.911
30 60 3555 5.5185
-30 -65 3555 8.5156
-30 65 3555 -9.4739
30 -65 3555 3.9296
30 65 3555 -16.405
-30 -70 3555 7.0128
-30 70 3555 -8.4127
30 -70 3555 7.4166
30 70 3555 -7.2494
-30 -75 3555 3.82
-30 75 3555 -3.9184
30 -75 3555 7.5159
30 75 3555 -4.4889
-30 -80 3555 -0.74018
-30 80 3555 -3.476
30 -80 3555 7.8385
30 80 3555 -12.939
-30 -85 3555 -4.7183
-30 85 3555 -2.5874
30 -85 3555 6.6593
30 85 3555 -4.9685
-30 -90 3555 -5.2821
-30 90 3555 -1.5702
30 -90 3555 5.677
30 90 3555 -1.5367
-30 -95 3555 -4.7437
-30 95 3555 -2.9949
30 -95 3555 4.583
30 95 3555 5.8343
-35 0 3555 -4.7332
35 0 3555 1.6525
-35 -100 3555 -5.0577
-35 100 3555 -12.635
35 -100 3555 -0.288
35 100 3555 4.3134
-35 -10 3555 -1.8275
-35 10 3555 -0.30005
35 -10 3555 -20.273
35 10 3555 6.1512
-35 -105 3555 -11.112
-35 105 3555 -11.375
35 -105 3555 -8.5358
35 105 3555 7.0248
-35 -110 3555 -8.1417
-35 110 3555 -10.139
35 -110 3555 -14.037
35 110 3555 5.8615
-35 -115 3555 -6.8218
-35 115 3555 -16.208
35 -115 3555 -14.465
35 115 3555 4.8852
-35 -120 3555 -7.5523
-35 120 3555 -6.2104
35 -120 3555 -12.222
35 120 3555 4.4576
-35 -125 3555 -7.5012
-35 125 3555 1.3591
35 -125 3555 -8.1369
35 125 3555 5.4112
-35 -130 3555 -8.0208
-35 130 3555 4.6516
35 -130 3555 -6.3857
35 130 3555 5.0346
-35 -135 3555 -8.6814
-35 135 3555 5.2955
35 -135 3555 -1.7136
35 135 3555 5.7472
-35 -140 3555 -4.1722
-35 140 3555 6.6848
35 -140 3555 2.0887
35 140 3555 5.5309
-35 -145 3555 0.13335
-35 145 3555 7.8004
35 -145 3555 4.1681
35 145 3555 4.637
-35 -150 3555 -0.023042
-35 150 3555 8.3493
35 -150 3555 3.8718
35 150 3555 2.1154
-35 -15 3555 -0.2821
-35 15 3555 5.5842
35 -15 3555 -4.6861
35 15 3555 6.3785
-35 -155 3555 0.050108
-35 155 3555 7.9319
35 -155 3555 4.7871
35 155 3555 3.2399
-35 -160 3555 -1.9013
-35 160 3555 7.3967
35 -160 3555 5.2226
35 160 3555 3.736
-35 -165 3555 -2.0154
-35 165 3555 7.2199
35 -165 3555 4.1252
35 165 3555 3.6807
-35 -170 3555 -1.4968
-35 170 3555 6.2804
35 -170 3555 3.4959
35 170 3555 2.7593
-35 -175 3555 5.7994
-35 175 3555 5.9963
35 -175 3555 2.5632
35 175 3555 1.3742
-35 -180 3555 6.3437
35 -180 3555 0.91985
-35 -20 3555 -0.50695
-35 20 3555 2.318
35 -20 3555 -10.644
35 20 3555 6.204
-35 -25 3555 1.2295
-35 25 3555 2.7947
35 -25 3555 -11.098
35 25 3555 6.044
-35 -30 3555 1.8462
-35 30 3555 5.2479
35 -30 3555 -8.2382
35 30 3555 5.452
-35 -35 3555 4.7001
-35 35 3555 4.5932
35 -35 3555 -6.7697
35 35 3555 5.6392
-35 -40 3555 6.6749
-35 40 3555 -6.9779
35 -40 3555 -4.3337
35 40 3555 6.1295
-35 -45 3555 7.2909
-35 45 3555 -8.5542
35 -45 3555 -2.018
35 45 3555 6.7181
-35 -50 3555 8.9226
-35 50 3555 -10.506
35 -50 3555 -3.0495
35 50 3555 6.6146
-35 -5 3555 -3.8784
-35 5 3555 -3.365
35 -5 3555 -3.1397
35 5 3555 4.0162
-35 -55 3555 9.0959
-35 55 3555 -9.365
35 -55 3555 -1.8321
35 55 3555 7.6961
-35 -60 3555 9.3155
-35 60 3555 -12.28
35 -60 3555 2.0272
35 60 3555 7.5289
-35 -65 3555 8.272
-35 65 3555 -12.761
35 -65 3555 5.5601
35 65 3555 -0.43339
-35 -70 3555 6.5015
-35 70 3555 -12.452
35 -70 3555 6.192
35 70 3555 -4.8133
-35 -75 3555 4.1021
-35 75 3555 -9.9489
35 -75 3555 6.6358
35 75 3555 -9.8912
-35 -80 3555 0.34909
-35 80 3555 -2.3096
35 -80 3555 6.8979
35 80 3555 -10.003
-35 -85 3555 -3.6222
-35 85 3555 -1.4672
35 -85 3555 7.2028
35 85 3555 -14.251
-35 -90 3555 -4.1141
-35 90 3555 -1.5227
35 -90 3555 6.1095
35 90 3555 -6.4822
-35 -95 3555 -4.5091
-35 95 3555 -1.5206
35 -95 3555 3.8343
35 95 3555 2.4059
-40 0 3555 -5.1328
40 0 3555 0.67325
-40 -100 3555 -13.304
-40 100 3555 -9.9287
40 -100 3555 -2.434
40 100 3555 3.9856
-40 -10 3555 -1.6515
-40 10 3555 1.9738
40 -10 3555 -22.271
40 10 3555 6.1434
-40 -105 3555 -13.517
-40 105 3555 -5.5327
40 -105 3555 -18.342
40 105 3555 6.6593
-40 -110 3555 -14.151
-40 110 3555 -14.297
40 -110 3555 -11.032
40 110 3555 7.9359
-40 -115 3555 -5.7118
-40 115 3555 -12.745
40 -115 3555 -12.953
40 115 3555 7.8558
-40 -120 3555 -5.2784
-40 120 3555 -7.8554
40 -120 3555 -11.485
40 120 3555 8.0578
-40 -125 3555 -4.1985
-40 125 3555 -2.443
40 -125 3555 -8.9985
40 125 3555 7.5575
-40 -130 3555 -4.8244
-40 130 3555 0.14691
40 -130 3555 -6.0607
40 130 3555 6.9563
-40 -135 3555 -4.5609
-40 135 3555 1.5106
40 -135 3555 -2.0313
40 135 3555 7.1629
-40 -140 3555 -5.6484
-40 140 3555 3.6106
40 -140 3555 1.0556
40 140 3555 7.2797
-40 -145 3555 -0.98758
-40 145 3555 5.278
40 -145 3555 4.7393
40 145 3555 6.8448
-40 -150 3555 -1.4496
-40 150 3555 6.3885
40 -150 3555 5.4541
40 150 3555 6.8695
-40 -15 3555 0.33576
-40 15 3555 -5.1206
40 -15 3555 -9.4667
40 15 3555 6.8609
-40 -155 3555 0.17471
-40 155 3555 6.944
40 -155 3555 6.377
40 155 3555 6.7223
-40 -160 3555 -1.8429
-40 160 3555 7.5479
40 -160 3555 6.8938
40 160 3555 7.5902
-40 -165 3555 -2.0765
-40 165 3555 7.479
40 -165 3555 6.5198
40 165 3555 7.5036
-40 -170 3555 -1.6901
-40 170 3555 7.6378
40 -170 3555 6.6698
40 170 3555 6.2814
-40 -175 3555 4.9712
-40 175 3555 6.7823
40 -175 3555 5.5672
40 175 3555 4.7632
-40 -180 3555 6.0775
40 -180 3555 4.7135
-40 -20 3555 0.48725
-40 20 3555 -6.5685
40 -20 3555 -9.8853
40 20 3555 6.8491
-40 -25 3555 2.5466
-40 25 3555 -6.7072
40 -25 3555 -9.2921
40 25 3555 6.686
-40 -30 3555 5.8087
-40 30 3555 0.75669
40 -30 3555 -8.71
40 30 3555 6.0648
-40 -35 3555 8.2537
-40 35 3555 4.4606
40 -35 3555 -7.4715
40 35 3555 4.9629
-40 -40 3555 9.1427
-40 40 3555 6.4141
40 -40 3555 -6.0963
40 40 3555 4.9993
-40 -45 3555 8.8291
-40 45 3555 3.7434
40 -45 3555 -3.1142
40 45 3555 5.6678
-40 -50 3555 8.9664
-40 50 3555 0.11535
40 -50 3555 2.2185
40 50 3555 6.0838
-40 -5 3555 -4.0261
-40 5 3555 -3.5008
40 -5 3555 -6.8142
40 5 3555 4.5272
-40 -55 3555 9.2814
-40 55 3555 -4.7017
40 -55 3555 4.6764
40 55 3555 6.5296
-40 -60 3555 8.6085
-40 60 3555 -8.8267
40 -60 3555 6.0805
40 60 3555 1.8718
-40 -65 3555 7.4869
-40 65 3555 -7.9574
40 -65 3555 8.4318
40 65 3555 -0.36071
-40 -70 3555 7.0845
-40 70 3555 -11.989
40 -70 3555 7.5754
40 70 3555 -3.473
-40 -75 3555 5.5021
-40 75 3555 -14.471
40 -75 3555 6.548
40 75 3555 -12.836
-40 -80 3555 2.1537
-40 80 3555 -1.8834
40 -80 3555 8.0554
40 80 3555 -10.205
-40 -85 3555 -0.82018
-40 85 3555 -1.7831
40 -85 3555 7.7026
40 85 3555 -11.534
-40 -90 3555 -2.8014
-40 90 3555 -2.8873
40 -90 3555 9.4284
40 90 3555 -5.0817
-40 -95 3555 -5.4198
-40 95 3555 -1.8763
40 -95 3555 4.8971
40 95 3555 0.31608
-45 0 3555 -3.4677
45 0 3555 -0.35944
-45 -100 3555 -14.434
-45 100 3555 -4.9685
45 -100 3555 -5.7536
45 100 3555 3.7121
-45 -10 3555 -0.64589
-45 10 3555 -4.1849
45 -10 3555 -8.9823
45 10 3555 5.9324
-45 -105 3555 -11.632
-45 105 3555 -12.077
45 -105 3555 -21.898
45 105 3555 5.765
-45 -110 3555 -16.304
-45 110 3555 -10.703
45 -110 3555 -18.795
45 110 3555 7.0702
-45 -115 3555 -8.0392
-45 115 3555 -8.5246
45 -115 3555 -9.9842
45 115 3555 7.229
-45 -120 3555 -6.9881
-45 120 3555 -7.904
45 -120 3555 -10.042
45 120 3555 6.5254
-45 -125 3555 -7.1077
-45 125 3555 -5.1662
45 -125 3555 -8.2588
45 125 3555 5.969
-45 -130 3555 -5.4968
-45 130 3555 -2.755
45 -130 3555 -5.3763
45 130 3555 6.1039
-45 -135 3555 -5.392
-45 135 3555 -2.1564
45 -135 3555 -2.0486
45 135 3555 7.0518
-45 -140 3555 -6.4643
-45 140 3555 -1.7051
45 -140 3555 1.8091
45 140 3555 7.4807
-45 -145 3555 -3.7825
-45 145 3555 1.6151
45 -145 3555 5.4513
45 145 3555 7.4273
-45 -150 3555 -0.90057
-45 150 3555 3.4631
45 -150 3555 6.4179
45 150 3555 7.9762
-45 -15 3555 1.4548
-45 15 3555 -3.853
45 -15 3555 -7.2692
45 15 3555 7.0899
-45 -155 3555 -1.7644
-45 155 3555 5.102
45 -155 3555 6.8994
45 155 3555 8.2588
-45 -160 3555 -1.8243
-45 160 3555 5.7337
45 -160 3555 7.4908
45 160 3555 7.9848
-45 -165 3555 -2.6016
-45 165 3555 6.6286
45 -165 3555 7.2733
45 165 3555 8.2905
-45 -170 3555 -2.8123
-45 170 3555 7.1238
45 -170 3555 7.3622
45 170 3555 7.9604
-45 -175 3555 4.7777
-45 175 3555 7.8292
45 -175 3555 7.0599
45 175 3555 7.5611
-45 -180 3555 5.7643
45 -180 3555 7.1929
-45 -20 3555 2.5223
-45 20 3555 -4.9072
45 -20 3555 -4.4093
45 20 3555 6.5493
-45 -25 3555 5.7663
-45 25 3555 -6.589
45 -25 3555 -3.2135
45 25 3555 6.3737
-45 -30 3555 8.0755
-45 30 3555 -7.0034
45 -30 3555 -4.9746
45 30 3555 5.0172
-45 -35 3555 7.7372
-45 35 3555 -7.1577
45 -35 3555 -6.8238
45 35 3555 3.6139
-45 -40 3555 4.3102
-45 40 3555 0.58467
45 -40 3555 -5.5855
45 40 3555 3.4636
-45 -45 3555 3.0002
-45 45 3555 0.31983
45 -45 3555 -3.1105
45 45 3555 2.7662
-45 -50 3555 2.2778
-45 50 3555 6.4676
45 -50 3555 1.741
45 50 3555 0.54885
-45 -5 3555 -2.5872
-45 5 3555 -2.3951
45 -5 3555 -8.9032
45 5 3555 4.1248
-45 -55 3555 6.3128
-45 55 3555 -0.36763
45 -55 3555 4.4503
45 55 3555 -3.4863
-45 -60 3555 6.3057
-45 60 3555 3.3063
45 -60 3555 7.1154
45 60 3555 -11.266
-45 -65 3555 8.1814
-45 65 3555 -1.5566
45 -65 3555 10.829
45 65 3555 -7.1609
-45 -70 3555 7.1242
-45 70 3555 -0.49751
45 -70 3555 8.0521
45 70 3555 -12.288
-45 -75 3555 7.0082
-45 75 3555 -5.3473
45 -75 3555 3.9071
45 75 3555 -9.5909
-45 -80 3555 4.8978
-45 80 3555 -13.042
45 -80 3555 5.4303
45 80 3555 -6.6083
-45 -85 3555 0.43233
-45 85 3555 -1.4626
45 -85 3555 8.4736
45 85 3555 -7.2254
-45 -90 3555 -6.2002
-45 90 3555 -2.1839
45 -90 3555 8.426
45 90 3555 -5.14
-45 -95 3555 -12.003
-45 95 3555 0.65645
45 -95 3555 3.3994
45 95 3555 0.29311
-50 0 3555 -3.0077
50 0 3555 -1.8456
-50 -100 3555 -9.6173
-50 100 3555 -6.2333
50 -100 3555 0.36635
50 100 3555 4.7898
-50 -10 3555 -0.55751
-50 10 3555 -1.1727
50 -10 3555 -4.3746
50 10 3555 -1.0799
-50 -105 3555 -13.638
-50 105 3555 -9.085
50 -105 3555 -13.942
50 105 3555 5.9739
-50 -110 3555 -17.723
-50 110 3555 -7.3898
50 -110 3555 -15.86
50 110 3555 5.719
-50 -115 3555 -10.828
-50 115 3555 -6.4591
50 -115 3555 -9.4091
50 115 3555 6.2185
-50 -120 3555 -6.4879
-50 120 3555 -5.3954
50 -120 3555 -10.889
50 120 3555 5.4695
-50 -125 3555 -7.8763
-50 125 3555 -5.3899
50 -125 3555 -9.6369
50 125 3555 5.5238
-50 -130 3555 -7.3941
-50 130 3555 -5.386
50 -130 3555 -4.0904
50 130 3555 5.1951
-50 -135 3555 -6.7139
-50 135 3555 -4.7528
50 -135 3555 0.78491
50 135 3555 5.6673
-50 -140 3555 -3.6993
-50 140 3555 -5.0715
50 -140 3555 4.5887
50 140 3555 6.4915
-50 -145 3555 -1.9079
-50 145 3555 -3.8651
50 -145 3555 6.2307
50 145 3555 6.9641
-50 -150 3555 0.53089
-50 150 3555 -1.2445
50 -150 3555 6.6774
50 150 3555 7.9265
-50 -15 3555 2.6454
-50 15 3555 -0.10836
50 -15 3555 0.067576
50 15 3555 1.2921
-50 -155 3555 1.1426
-50 155 3555 1.6396
50 -155 3555 7.4101
50 155 3555 8.3883
-50 -160 3555 2.2903
-50 160 3555 3.604
50 -160 3555 7.4821
50 160 3555 7.8753
-50 -165 3555 2.9252
-50 165 3555 5.2041
50 -165 3555 7.6429
50 165 3555 7.8729
-50 -170 3555 5.2085
-50 170 3555 5.866
50 -170 3555 7.6747
50 170 3555 7.7693
-50 -175 3555 6.3053
-50 175 3555 7.5527
50 -175 3555 7.6578
50 175 3555 7.537
-50 -180 3555 6.8244
50 -180 3555 7.6678
-50 -20 3555 5.0613
-50 20 3555 -0.73328
50 -20 3555 0.47257
50 20 3555 2.2049
-50 -25 3555 8.1521
-50 25 3555 -2.0177
50 -25 3555 0.57009
50 25 3555 0.95233
-50 -30 3555 7.648
-50 30 3555 -3.4538
50 -30 3555 -1.9113
50 30 3555 -1.2396
-50 -35 3555 3.6581
-50 35 3555 -5.0521
50 -35 3555 -2.697
50 35 3555 -4.0732
-5 0 3555 0.41126
5 0 3555 4.1806
-50 -40 3555 2.3212
-50 40 3555 -6.68
50 -40 3555 -2.6715
50 40 3555 -4.9952
-50 -45 3555 -2.7044
-50 45 3555 -8.4697
50 -45 3555 -0.63315
50 45 3555 -6.6249
-50 -50 3555 -4.6887
-50 50 3555 -9.6014
50 -50 3555 1.4474
50 50 3555 -7.8055
-50 -5 3555 -3.0961
-50 5 3555 -2.8237
50 -5 3555 -16.561
50 5 3555 -4.7521
-50 -55 3555 -4.0187
-50 55 3555 -12.881
50 -55 3555 5.1209
50 55 3555 -11.15
-50 -60 3555 1.4641
-50 60 3555 8.6228
50 -60 3555 6.8791
50 60 3555 -11.551
-50 -65 3555 6.4956
-50 65 3555 -1.1736
50 -65 3555 7.4643
50 65 3555 -11.477
-50 -70 3555 8.1331
-50 70 3555 4.5767
50 -70 3555 7.3284
50 70 3555 -8.7194
-50 -75 3555 7.6494
-50 75 3555 -9.2831
50 -75 3555 7.135
50 75 3555 -8.1925
-50 -80 3555 4.7476
-50 80 3555 -13.236
50 -80 3555 7.9722
50 80 3555 -7.4301
-50 -85 3555 -1.3845
-50 85 3555 -4.2939
50 -85 3555 8.1041
50 85 3555 -5.4834
-50 -90 3555 -10.304
-50 90 3555 0.58855
50 -90 3555 5.1275
50 90 3555 -3.0201
-50 -95 3555 -16.061
-50 95 3555 -3.8471
50 -95 3555 1.6479
50 95 3555 1.8223
-5 -100 3555 -4.1718
-5 100 3555 1.8345
5 -100 3555 -0.79471
5 100 3555 -5.6625
-5 -10 3555 -3.0455
-5 10 3555 -5.8393
5 -10 3555 -12.963
5 10 3555 -7.0872
-5 -105 3555 -5.0688
-5 105 3555 -8.6942
5 -105 3555 -5.0459
5 105 3555 -1.7302
-5 -110 3555 -5.1466
-5 110 3555 -6.3015
5 -110 3555 -8.4459
5 110 3555 -2.4165
-5 -115 3555 -14.138
-5 115 3555 2.9492
5 -115 3555 -14.484
5 115 3555 0.93388
-5 -120 3555 0.61333
-5 120 3555 5.2821
5 -120 3555 -25.004
5 120 3555 7.3503
-5 -125 3555 -2.7013
-5 125 3555 7.3662
5 -125 3555 0.6476
5 125 3555 7.5536
-5 -130 3555 0.91802
-5 130 3555 5.8227
5 -130 3555 0.73214
5 130 3555 4.7711
-5 -135 3555 2.9148
-5 135 3555 0.89715
5 -135 3555 0.94615
5 135 3555 -0.65624
-5 -140 3555 6.4677
-5 140 3555 -0.61103
5 -140 3555 1.2144
5 140 3555 -2.1042
-5 -145 3555 1.596
-5 145 3555 -5.647
5 -145 3555 2.6437
5 145 3555 -3.4744
-5 -150 3555 -6.8711
-5 150 3555 -4.5713
5 -150 3555 -1.3181
5 150 3555 -4.3896
-5 -15 3555 -0.98267
-5 15 3555 0.80326
5 -15 3555 -1.9087
5 15 3555 -7.6474
-5 -155 3555 -3.3518
-5 155 3555 -5.3235
5 -155 3555 -5.4892
5 155 3555 -1.8229
-5 -160 3555 2.2749
-5 160 3555 1.5976
5 -160 3555 -4.7812
5 160 3555 3.171
-5 -165 3555 2.903
-5 165 3555 -8.0812
5 -165 3555 -3.7561
5 165 3555 3.2585
-5 -170 3555 4.5851
-5 170 3555 -4.6437
5 -170 3555 5.5187
5 170 3555 2.751
-5 -175 3555 2.4604
-5 175 3555 -7.8932
5 -175 3555 -2.793
5 175 3555 5.7101
-5 -180 3555 2.968
5 -180 3555 6.7538
-5 -20 3555 1.7669
-5 20 3555 -0.95706
5 -20 3555 -2.2141
5 20 3555 -5.2901
-5 -25 3555 -1.2338
-5 25 3555 -0.97282
5 -25 3555 -4.9263
5 25 3555 -3.7818
-5 -30 3555 -4.7257
-5 30 3555 -4.9783
5 -30 3555 -5.069
5 30 3555 -4.8316
-5 -35 3555 -5.6352
-5 35 3555 -4.6925
5 -35 3555 -6.581
5 35 3555 -4.1627
-5 -40 3555 -6.4437
-5 40 3555 -2.5224
5 -40 3555 -7.1169
5 40 3555 -0.030053
-5 -45 3555 -6.7342
-5 45 3555 1.6709
5 -45 3555 -6.2178
5 45 3555 3.8296
-5 -50 3555 -3.7613
-5 50 3555 4.5589
-55 0 3555 1.3343
5 -50 3555 -6.6938
5 50 3555 6.67
55 0 3555 -10.65
-55 -100 3555 -3.5003
-55 100 3555 -5.7812
55 -100 3555 6.7149
55 100 3555 5.6927
-55 -10 3555 2.9665
-55 10 3555 1.7704
55 -10 3555 -5.9665
55 10 3555 -13.222
-55 -105 3555 -16.43
-55 105 3555 -7.1441
55 -105 3555 -14.107
55 105 3555 5.7436
-55 -110 3555 -8.1647
-55 110 3555 -6.3478
55 -110 3555 -8.9962
55 110 3555 5.7771
-55 -115 3555 -7.9023
-55 115 3555 -6.232
55 -115 3555 -6.7155
55 115 3555 5.4916
-55 -120 3555 -9.3347
-55 120 3555 -6.4681
55 -120 3555 -10.716
55 120 3555 5.2993
-55 -125 3555 -7.9528
-55 125 3555 -5.8535
55 -125 3555 -8.6066
55 125 3555 5.4439
-55 -130 3555 -8.2389
-55 130 3555 -5.7777
55 -130 3555 -2.9568
55 130 3555 5.2259
-55 -135 3555 -4.1242
-55 135 3555 -5.4973
55 -135 3555 1.6357
55 135 3555 5.4598
-55 -140 3555 -1.0797
-55 140 3555 -4.816
55 -140 3555 4.6287
55 140 3555 5.6135
-55 -145 3555 0.50961
-55 145 3555 -5.956
55 -145 3555 6.0339
55 145 3555 6.672
-55 -150 3555 2.8631
-55 150 3555 -4.3201
55 -150 3555 6.3515
55 150 3555 7.1258
-55 -15 3555 4.5608
-55 15 3555 2.8085
55 -15 3555 -1.9031
55 15 3555 -11.884
-55 -155 3555 4.8421
-55 155 3555 -1.696
55 -155 3555 6.9168
55 155 3555 7.6657
-55 -160 3555 5.5773
-55 160 3555 -0.46787
55 -160 3555 7.6527
55 160 3555 7.3721
-55 -165 3555 6.5718
-55 165 3555 1.7537
55 -165 3555 7.6062
55 165 3555 7.0594
-55 -170 3555 6.8441
-55 170 3555 3.0698
55 -170 3555 7.3252
55 170 3555 7.4383
-55 -175 3555 7.1785
-55 175 3555 5.6161
55 -175 3555 7.4783
55 175 3555 6.9267
-55 -180 3555 5.954
55 -180 3555 6.939
-55 -20 3555 6.5354
-55 20 3555 2.7104
55 -20 3555 0.34332
55 20 3555 -8.7961
-55 -25 3555 6.9021
-55 25 3555 1.4024
55 -25 3555 0.8678
55 25 3555 -7.8524
-55 -30 3555 6.3732
-55 30 3555 -0.44494
55 -30 3555 -0.75068
55 30 3555 -6.8302
-55 -35 3555 4.9287
-55 35 3555 -2.1741
55 -35 3555 -2.2362
55 35 3555 -6.9783
-5 -5 3555 -6.2844
-5 5 3555 2.2826
5 -5 3555 -2.4294
5 5 3555 0.69945
-55 -40 3555 5.049
-55 40 3555 -3.5778
55 -40 3555 -2.8513
55 40 3555 -6.9329
-55 -45 3555 -5.769
-55 45 3555 -5.8831
55 -45 3555 -0.84087
55 45 3555 -6.5836
-55 -50 3555 -6.9031
-55 50 3555 -8.1035
55 -50 3555 1.6042
55 50 3555 -7.3832
-5 -55 3555 2.0503
-5 55 3555 6.2564
-55 -5 3555 1.7653
-55 5 3555 1.4595
5 -55 3555 -5.0206
5 55 3555 7.4526
55 -5 3555 -11.708
55 5 3555 -16.474
-55 -55 3555 -7.8248
-55 55 3555 -10.782
55 -55 3555 4.3916
55 55 3555 -8.2643
-55 -60 3555 -11.017
-55 60 3555 -6.3955
55 -60 3555 6.9564
55 60 3555 -10.998
-55 -65 3555 -7.3449
-55 65 3555 4.5891
55 -65 3555 7.9517
55 65 3555 -6.7887
-55 -70 3555 4.2131
-55 70 3555 10.393
55 -70 3555 7.8494
55 70 3555 -6.0122
-55 -75 3555 7.0747
-55 75 3555 11.137
55 -75 3555 8.2042
55 75 3555 -5.8458
-55 -80 3555 7.3996
-55 80 3555 -7.9937
55 -80 3555 6.9361
55 80 3555 -7.8986
-55 -85 3555 -0.38753
-55 85 3555 -14.004
55 -85 3555 5.6842
55 85 3555 -5.4541
-55 -90 3555 -6.9069
-55 90 3555 -4.561
55 -90 3555 3.5823
55 90 3555 0.077935
-55 -95 3555 -5.6159
-55 95 3555 0.27578
55 -95 3555 -4.1693
55 95 3555 4.7307
-5 -60 3555 5.6005
-5 60 3555 6.7861
5 -60 3555 3.5318
5 60 3555 4.0615
-5 -65 3555 6.9997
-5 65 3555 5.5756
5 -65 3555 5.0338
5 65 3555 -3.8722
-5 -70 3555 9.0604
-5 70 3555 8.1206
5 -70 3555 7.0743
5 70 3555 -8.1104
-5 -75 3555 8.2277
-5 75 3555 6.6515
5 -75 3555 7.7383
5 75 3555 -7.3536
-5 -80 3555 6.0214
-5 80 3555 0.10228
5 -80 3555 7.7621
5 80 3555 -6.7026
-5 -85 3555 3.4867
-5 85 3555 5.8637
5 -85 3555 6.4364
5 85 3555 -2.7668
-5 -90 3555 0.50687
-5 90 3555 6.5954
5 -90 3555 4.5991
5 90 3555 -1.5229
-5 -95 3555 -2.5346
-5 95 3555 6.3995
5 -95 3555 2.1242
5 95 3555 -1.7633
-60 0 3555 4.5392
60 0 3555 -8.133
-60 -100 3555 -3.6551
-60 100 3555 -6.7866
60 -100 3555 -16.995
60 100 3555 5.0141
-60 -10 3555 5.903
-60 10 3555 4.2731
60 -10 3555 -9.6206
60 10 3555 -10.777
-60 -105 3555 -5.8085
-60 105 3555 -7.2058
60 -105 3555 -4.9728
60 105 3555 5.7526
-60 -110 3555 -3.9074
-60 110 3555 -7.385
60 -110 3555 -1.3117
60 110 3555 5.3961
-60 -115 3555 -4.3607
-60 115 3555 -7.1585
60 -115 3555 -1.0327
60 115 3555 5.6385
-60 -120 3555 -4.6977
-60 120 3555 -7.0228
60 -120 3555 -3.7626
60 120 3555 5.4059
-60 -125 3555 -6.4612
-60 125 3555 -6.875
60 -125 3555 -2.3399
60 125 3555 5.296
-60 -130 3555 -3.9717
-60 130 3555 -6.3776
60 -130 3555 0.89226
60 130 3555 5.4034
-60 -135 3555 -0.99739
-60 135 3555 -6.4893
60 -135 3555 3.3028
60 135 3555 5.3079
-60 -140 3555 1.651
-60 140 3555 -5.2075
60 -140 3555 4.1691
60 140 3555 5.7761
-60 -145 3555 4.4175
-60 145 3555 -5.3055
60 -145 3555 4.5717
60 145 3555 5.3068
-60 -150 3555 6.9491
-60 150 3555 -6.1707
60 -150 3555 5.3088
60 150 3555 6.3894
-60 -15 3555 6.3354
-60 15 3555 4.3892
60 -15 3555 -7.8762
60 15 3555 -9.8727
-60 -155 3555 7.9454
-60 155 3555 -6.1226
60 -155 3555 5.8537
60 155 3555 6.49
-60 -160 3555 7.8221
-60 160 3555 -4.8805
60 -160 3555 6.5116
60 160 3555 6.6655
-60 -165 3555 8.4163
-60 165 3555 -5.2478
60 -165 3555 6.5478
60 165 3555 6.7023
-60 -170 3555 8.0511
-60 170 3555 -4.0004
60 -170 3555 6.2864
60 170 3555 6.3909
-60 -175 3555 5.7208
-60 175 3555 -1.2187
60 -175 3555 6.192
60 175 3555 5.9103
-60 -180 3555 2.5206
60 -180 3555 5.5738
-60 -20 3555 6.8802
-60 20 3555 4.0366
60 -20 3555 -6.8722
60 20 3555 -9.2951
-60 -25 3555 7.1543
-60 25 3555 2.8286
60 -25 3555 -5.083
60 25 3555 -8.9839
-60 -30 3555 6.6711
-60 30 3555 1.3832
60 -30 3555 -5.0136
60 30 3555 -8.7135
-60 -35 3555 6.4232
-60 35 3555 0.22202
60 -35 3555 -5.3608
60 35 3555 -7.9463
-60 -40 3555 4.4068
-60 40 3555 -1.5785
60 -40 3555 -5.2647
60 40 3555 -8.4719
-60 -45 3555 6.126
-60 45 3555 -4.1382
60 -45 3555 -4.4945
60 45 3555 -12.903
-60 -50 3555 7.0659
-60 50 3555 -6.1166
60 -50 3555 -4.0895
60 50 3555 -15.29
-60 -5 3555 5.1146
-60 5 3555 4.5315
60 -5 3555 -8.0588
60 5 3555 -12.171
-60 -55 3555 6.7243
-60 55 3555 -7.5958
60 -55 3555 -1.0133
60 55 3555 -14.136
-60 -60 3555 4.1096
-60 60 3555 -10.786
60 -60 3555 1.3209
60 60 3555 -14.751
-60 -65 3555 4.031
-60 65 3555 -7.5662
60 -65 3555 2.2568
60 65 3555 -14.583
-60 -70 3555 3.2124
-60 70 3555 -8.9605
60 -70 3555 0.36315
60 70 3555 -12.236
-60 -75 3555 4.911
-60 75 3555 -7.1319
60 -75 3555 0.78852
60 75 3555 -7.992
-60 -80 3555 6.3829
-60 80 3555 -8.6846
60 -80 3555 -2.4665
60 80 3555 -2.5535
-60 -85 3555 6.8745
-60 85 3555 -7.2096
60 -85 3555 -6.3234
60 85 3555 2.0907
-60 -90 3555 4.4456
-60 90 3555 -4.6492
60 -90 3555 -19.711
60 90 3555 3.5706
-60 -95 3555 1.6121
-60 95 3555 -0.13691
60 -95 3555 -22
60 95 3555 4.7392
-65 0 3555 5.4369
65 0 3555 -7.577
-65 -100 3555 6.8438
-65 100 3555 -9.2636
65 -100 3555 -4.2658
65 100 3555 4.019
-65 -10 3555 6.3141
-65 10 3555 4.5726
65 -10 3555 -21.089
65 10 3555 -7.4656
-65 -105 3555 8.4798
-65 105 3555 -7.5922
65 -105 3555 2.8256
65 105 3555 4.7014
-65 -110 3555 2.2332
-65 110 3555 -8.2424
65 -110 3555 3.9128
65 110 3555 3.6792
-65 -115 3555 -0.14808
-65 115 3555 -8.8542
65 -115 3555 4.2078
65 115 3555 3.4797
-65 -120 3555 4.167
-65 120 3555 -8.5712
65 -120 3555 3.6186
65 120 3555 2.8174
-65 -125 3555 2.2778
-65 125 3555 -8.0821
65 -125 3555 4.0244
65 125 3555 3.4579
-65 -130 3555 2.1308
-65 130 3555 -7.4
65 -130 3555 4.8432
65 130 3555 3.8399
-65 -135 3555 3.162
-65 135 3555 -6.8784
65 -135 3555 6.6698
65 135 3555 4.465
-65 -140 3555 4.7428
-65 140 3555 -6.5244
65 -140 3555 6.8031
65 140 3555 4.2273
-65 -145 3555 6.1284
-65 145 3555 -6.7724
65 -145 3555 7.3211
65 145 3555 4.6454
-65 -150 3555 7.6069
-65 150 3555 -8.3552
65 -150 3555 6.8215
65 150 3555 5.1413
-65 -15 3555 6.2323
-65 15 3555 3.8364
65 -15 3555 -7.522
65 15 3555 -6.144
-65 -155 3555 10.234
-65 155 3555 -8.2127
65 -155 3555 6.9525
65 155 3555 5.7261
-65 -160 3555 10.806
-65 160 3555 -10.675
65 -160 3555 6.6396
65 160 3555 5.6485
-65 -165 3555 9.8954
-65 165 3555 -10.664
65 -165 3555 6.0768
65 165 3555 5.3554
-65 -170 3555 6.4182
-65 170 3555 -10.353
65 -170 3555 6.2924
65 170 3555 3.712
-65 -175 3555 1.2364
-65 175 3555 -9.2832
65 -175 3555 5.4884
65 175 3555 2.9947
-65 -180 3555 -3.5943
65 -180 3555 4.5825
-65 -20 3555 6.3695
-65 20 3555 3.0203
65 -20 3555 -6.2223
65 20 3555 -7.7292
-65 -25 3555 6.908
-65 25 3555 2.4305
65 -25 3555 -5.7308
65 25 3555 -8.6243
-65 -30 3555 6.265
-65 30 3555 1.2769
65 -30 3555 -5.561
65 30 3555 -8.9759
-65 -35 3555 5.8596
-65 35 3555 0.32773
65 -35 3555 -5.5933
65 35 3555 -8.9215
-65 -40 3555 6.6185
-65 40 3555 -1.4587
65 -40 3555 -6.319
65 40 3555 -8.4887
-65 -45 3555 6.0315
-65 45 3555 -3.026
65 -45 3555 -6.8931
65 45 3555 -7.3984
-65 -50 3555 6.7776
-65 50 3555 -4.6301
65 -50 3555 -8.2669
65 50 3555 -6.9681
-65 -5 3555 6.0666
-65 5 3555 4.9358
65 -5 3555 -18.276
65 5 3555 -8.0918
-65 -55 3555 5.7983
-65 55 3555 -5.7069
65 -55 3555 -9.6012
65 55 3555 -6.1971
-65 -60 3555 5.8585
-65 60 3555 -7.1477
65 -60 3555 -10.924
65 60 3555 -5.6935
-65 -65 3555 6.5647
-65 65 3555 -8.6184
65 -65 3555 -13.371
65 65 3555 -5.6597
-65 -70 3555 6.2717
-65 70 3555 -8.9187
65 -70 3555 -13.842
65 70 3555 -4.6559
-65 -75 3555 6.9133
-65 75 3555 -9.2849
65 -75 3555 -20.389
65 75 3555 -3.1997
-65 -80 3555 6.2581
-65 80 3555 -7.7483
65 -80 3555 -24.334
65 80 3555 -0.52173
-65 -85 3555 6.4687
-65 85 3555 -8.539
65 -85 3555 -10.898
65 85 3555 1.1124
-65 -90 3555 6.4456
-65 90 3555 -9.3325
65 -90 3555 -19.532
65 90 3555 2.7315
-65 -95 3555 6.0689
-65 95 3555 -9.1189
65 -95 3555 -17.598
65 95 3555 4.2562
-70 0 3555 5.4353
70 0 3555 -7.8052
-70 -100 3555 -4.9609
-70 100 3555 -11.294
70 -100 3555 -4.717
70 100 3555 -0.36491
-70 -10 3555 4.9965
-70 10 3555 4.5722
70 -10 3555 -8.5252
70 10 3555 -6.7355
-70 -105 3555 2.1145
-70 105 3555 -7.2951
70 -105 3555 -4.0754
70 105 3555 -0.62743
-70 -110 3555 -0.32341
-70 110 3555 -7.8766
70 -110 3555 -1.477
70 110 3555 -1.4005
-70 -115 3555 0.84917
-70 115 3555 -12.011
70 -115 3555 1.3406
70 115 3555 -0.07947
-70 -120 3555 4.4157
-70 120 3555 -10.828
70 -120 3555 3.4841
70 120 3555 1.0127
-70 -125 3555 -3.5602
-70 125 3555 -11.166
70 -125 3555 4.6032
70 125 3555 1.7516
-70 -130 3555 6.2611
-70 130 3555 -10.448
70 -130 3555 5.1788
70 130 3555 2.0834
-70 -135 3555 8.55
-70 135 3555 -10.095
70 -135 3555 6.0347
70 135 3555 2.3467
-70 -140 3555 9.2141
-70 140 3555 -9.7058
70 -140 3555 6.3992
70 140 3555 3.4534
-70 -145 3555 8.887
-70 145 3555 -9.5523
70 -145 3555 7.2279
70 145 3555 4.0856
-70 -150 3555 7.6295
-70 150 3555 -10.496
70 -150 3555 7.3363
70 150 3555 4.0365
-70 -15 3555 5.1149
-70 15 3555 4.1468
70 -15 3555 -8.8778
70 15 3555 -6.2111
-70 -155 3555 7.5623
-70 155 3555 -11.263
70 -155 3555 6.7439
70 155 3555 4.9122
-70 -160 3555 5.1166
-70 160 3555 -10.851
70 -160 3555 6.3587
70 160 3555 5.5667
-70 -165 3555 2.8211
-70 165 3555 -10.386
70 -165 3555 5.8963
70 165 3555 5.3591
-70 -170 3555 -0.76581
-70 170 3555 -10.826
70 -170 3555 5.2713
70 170 3555 4.8924
-70 -175 3555 -5.9067
-70 175 3555 -10.319
70 -175 3555 5.3371
70 175 3555 5.4979
-70 -180 3555 -9.1512
70 -180 3555 5.263
-70 -20 3555 4.4424
-70 20 3555 3.2311
70 -20 3555 -9.5742
70 20 3555 -7.6467
-70 -25 3555 5.1401
-70 25 3555 2.707
70 -25 3555 -7.4383
70 25 3555 -7.5742
-70 -30 3555 4.3228
-70 30 3555 1.6118
70 -30 3555 -8.2929
70 30 3555 -7.3689
-70 -35 3555 3.5106
-70 35 3555 1.1345
70 -35 3555 -8.7644
70 35 3555 -7.7851
-70 -40 3555 3.7751
-70 40 3555 0.21376
70 -40 3555 -9.5133
70 40 3555 -7.851
-70 -45 3555 5.3529
-70 45 3555 -0.42151
70 -45 3555 -10.165
70 45 3555 -7.882
-70 -50 3555 5.6
-70 50 3555 -1.8001
70 -50 3555 -10.282
70 50 3555 -6.964
-70 -5 3555 5.7173
-70 5 3555 5.0447
70 -5 3555 -7.483
70 5 3555 -6.0279
-70 -55 3555 5.4566
-70 55 3555 -3.4542
70 -55 3555 -11.644
70 55 3555 -5.4841
-70 -60 3555 4.6151
-70 60 3555 -5.0951
70 -60 3555 -11.892
70 60 3555 -4.8984
-70 -65 3555 5.2591
-70 65 3555 -6.8572
70 -65 3555 -12.42
70 65 3555 -4.3073
-70 -70 3555 4.2652
-70 70 3555 -7.7205
70 -70 3555 -12.723
70 70 3555 -3.1394
-70 -75 3555 3.2214
-70 75 3555 -8.2694
70 -75 3555 -14.612
70 75 3555 -2.5403
-70 -80 3555 2.3277
-70 80 3555 -7.7288
70 -80 3555 -13.375
70 80 3555 -1.4388
-70 -85 3555 1.0423
-70 85 3555 -8.2591
70 -85 3555 -9.7665
70 85 3555 -0.82306
-70 -90 3555 -1.5474
-70 90 3555 -9.8547
70 -90 3555 -6.3513
70 90 3555 0.066373
-70 -95 3555 -6.1004
-70 95 3555 -9.7294
70 -95 3555 -5.0405
70 95 3555 0.033294
-75 0 3555 4.8531
75 0 3555 -4.9152
-75 -100 3555 -6.6922
-75 100 3555 -15.171
75 -100 3555 -2.9599
75 100 3555 -1.478
-75 -10 3555 4.0571
-75 10 3555 4.1477
75 -10 3555 -9.2718
75 10 3555 -5.3619
-75 -105 3555 -5.8768
-75 105 3555 -15.356
75 -105 3555 -1.3544
75 105 3555 -1.0399
-75 -110 3555 -5.4527
-75 110 3555 -1.4547
75 -110 3555 0.85292
75 110 3555 0.16186
-75 -115 3555 -9.0462
-75 115 3555 -9.0813
75 -115 3555 2.2162
75 115 3555 0.8952
-75 -120 3555 -11.821
-75 120 3555 -9.3418
75 -120 3555 4.0422
75 120 3555 1.7762
-75 -125 3555 -11.981
-75 125 3555 -11.957
75 -125 3555 5.4266
75 125 3555 1.9857
-75 -130 3555 -15.77
-75 130 3555 -12.078
75 -130 3555 5.7455
75 130 3555 3.0481
-75 -135 3555 -10.822
-75 135 3555 -11.297
75 -135 3555 6.7555
75 135 3555 3.6638
-75 -140 3555 -7.4347
-75 140 3555 -10.518
75 -140 3555 7.0875
75 140 3555 3.5526
-75 -145 3555 -5.9329
-75 145 3555 -10.326
75 -145 3555 6.9004
75 145 3555 2.8779
-75 -150 3555 -5.2871
-75 150 3555 -10.371
75 -150 3555 6.8677
75 150 3555 4.1971
-75 -15 3555 4.0217
-75 15 3555 3.9682
75 -15 3555 -11.057
75 15 3555 -5.6627
-75 -155 3555 -6.2529
-75 155 3555 -10.767
75 -155 3555 6.6446
75 155 3555 4.9414
-75 -160 3555 -5.9743
-75 160 3555 -11.292
75 -160 3555 6.1349
75 160 3555 4.9253
-75 -165 3555 -6.4475
-75 165 3555 -12.672
75 -165 3555 5.4256
75 165 3555 4.6519
-75 -170 3555 -8.5942
-75 170 3555 -13.947
75 -170 3555 4.2306
75 170 3555 5.3518
-75 -175 3555 -11.172
-75 175 3555 -13.504
75 -175 3555 4.8722
75 175 3555 4.6953
-75 -180 3555 -12.483
75 -180 3555 5.0183
-75 -20 3555 3.097
-75 20 3555 3.6964
75 -20 3555 -11.9
75 20 3555 -5.9895
-75 -25 3555 1.6987
-75 25 3555 2.8359
75 -25 3555 -13.795
75 25 3555 -6.1726
-75 -30 3555 1.2804
-75 30 3555 2.0687
75 -30 3555 -13.307
75 30 3555 -5.961
-75 -35 3555 -0.015897
-75 35 3555 1.7451
75 -35 3555 -11.597
75 35 3555 -6.2029
-75 -40 3555 -0.4543
-75 40 3555 1.2456
75 -40 3555 -9.467
75 40 3555 -5.9232
-75 -45 3555 -0.71681
-75 45 3555 0.18511
75 -45 3555 -8.609
75 45 3555 -5.9873
-75 -50 3555 -1.0917
-75 50 3555 -0.5423
75 -50 3555 -8.9599
75 50 3555 -5.8146
-75 -5 3555 4.4369
-75 5 3555 4.4723
75 -5 3555 -7.0361
75 5 3555 -5.0619
-75 -55 3555 -2.4831
-75 55 3555 -1.5333
75 -55 3555 -10.34
75 55 3555 -6.6218
-75 -60 3555 -2.3738
-75 60 3555 -2.1382
75 -60 3555 -11.072
75 60 3555 -6.3063
-75 -65 3555 -3.3058
-75 65 3555 -4.3788
75 -65 3555 -11.873
75 65 3555 -5.4331
-75 -70 3555 -4.1287
-75 70 3555 -6.9316
75 -70 3555 -12.05
75 70 3555 -4.5292
-75 -75 3555 -4.8252
-75 75 3555 -5.7182
75 -75 3555 -10.696
75 75 3555 -3.7569
-75 -80 3555 -6.3656
-75 80 3555 -4.6898
75 -80 3555 -8.6329
75 80 3555 -3.4246
-75 -85 3555 -7.2251
-75 85 3555 -8.3713
75 -85 3555 -6.5525
75 85 3555 -2.5609
-75 -90 3555 -6.653
-75 90 3555 -13.033
75 -90 3555 -5.789
75 90 3555 -1.9844
-75 -95 3555 -7.3876
-75 95 3555 -13.935
75 -95 3555 -4.2048
75 95 3555 -2.1468
-80 0 3555 1.3658
80 0 3555 -4.2138
-80 -100 3555 -8.4339
-80 100 3555 -15.702
80 -100 3555 -0.34383
80 100 3555 0.16441
-80 -10 3555 0.2413
-80 10 3555 2.2967
80 -10 3555 -3.2245
80 10 3555 -4.2477
-80 -105 3555 -9.8203
-80 105 3555 -16.108
80 -105 3555 0.64384
80 105 3555 0.94113
-80 -110 3555 -7.7257
-80 110 3555 -16.601
80 -110 3555 1.4915
80 110 3555 1.6093
-80 -115 3555 -2.8878
-80 115 3555 -8.3107
80 -115 3555 3.016
80 115 3555 2.133
-80 -120 3555 0.48509
-80 120 3555 -14.426
80 -120 3555 3.3587
80 120 3555 2.0814
-80 -125 3555 2.0419
-80 125 3555 -10.964
80 -125 3555 4.2734
80 125 3555 2.357
-80 -130 3555 -12.744
-80 130 3555 -16.089
80 -130 3555 4.6181
80 130 3555 2.3176
-80 -135 3555 -12.86
-80 135 3555 -12.29
80 -135 3555 4.9662
80 135 3555 1.9644
-80 -140 3555 -18.241
-80 140 3555 -10.853
80 -140 3555 5.0241
80 140 3555 2.7976
-80 -145 3555 -15.97
-80 145 3555 -9.8557
80 -145 3555 4.549
80 145 3555 3.8713
-80 -150 3555 -17.148
-80 150 3555 -9.281
80 -150 3555 4.1328
80 150 3555 3.8771
-80 -15 3555 -0.29593
-80 15 3555 2.4585
80 -15 3555 -2.609
80 15 3555 -4.091
-80 -155 3555 -17.186
-80 155 3555 -9.0176
80 -155 3555 3.5501
80 155 3555 3.543
-80 -160 3555 -14.725
-80 160 3555 -8.7176
80 -160 3555 2.9388
80 160 3555 3.5399
-80 -165 3555 -12.606
-80 165 3555 -8.9615
80 -165 3555 3.4547
80 165 3555 3.3993
-80 -170 3555 -11.563
-80 170 3555 -8.9405
80 -170 3555 2.725
80 170 3555 3.7018
-80 -175 3555 -11.005
-80 175 3555 -9.7644
80 -175 3555 3.1256
80 175 3555 3.7046
-80 -180 3555 -10.824
80 -180 3555 3.6935
-80 -20 3555 -0.78909
-80 20 3555 1.6867
80 -20 3555 -2.7514
80 20 3555 -4.4863
-80 -25 3555 -1.0335
-80 25 3555 1.2039
80 -25 3555 -3.5384
80 25 3555 -4.8059
-80 -30 3555 -1.4091
-80 30 3555 0.80291
80 -30 3555 -5.1989
80 30 3555 -5.5383
-80 -35 3555 -2.2063
-80 35 3555 0.2544
80 -35 3555 -6.2837
80 35 3555 -5.6196
-80 -40 3555 -2.2043
-80 40 3555 -1.1054
80 -40 3555 -7.5058
80 40 3555 -5.4569
-80 -45 3555 -2.9135
-80 45 3555 -2.527
80 -45 3555 -8.379
80 45 3555 -5.3163
-80 -50 3555 -3.5506
-80 50 3555 -3.4883
80 -50 3555 -8.2496
80 50 3555 -4.7464
-80 -5 3555 1.2903
-80 5 3555 2.0163
80 -5 3555 -4.1919
80 5 3555 -4.0996
-80 -55 3555 -3.3821
-80 55 3555 -5.0292
80 -55 3555 -7.248
80 55 3555 -4.771
-80 -60 3555 -3.9212
-80 60 3555 -6.136
80 -60 3555 -6.2779
80 60 3555 -4.608
-80 -65 3555 -3.2031
-80 65 3555 -5.2841
80 -65 3555 -5.0421
80 65 3555 -4.3489
-80 -70 3555 -4.1644
-80 70 3555 -2.7729
80 -70 3555 -3.5753
80 70 3555 -3.8979
-80 -75 3555 -4.6605
-80 75 3555 -4.2221
80 -75 3555 -3.0932
80 75 3555 -3.5509
-80 -80 3555 -5.2265
-80 80 3555 -7.9563
80 -80 3555 -2.9792
80 80 3555 -3.2378
-80 -85 3555 -6.0518
-80 85 3555 -11.14
80 -85 3555 -2.8397
80 85 3555 -2.6896
-80 -90 3555 -6.9775
-80 90 3555 -13.895
80 -90 3555 -2.3926
80 90 3555 -2.1967
-80 -95 3555 -7.5492
-80 95 3555 -16.263
80 -95 3555 -1.1214
80 95 3555 -1.1611
-85 0 3555 -5.9747
85 0 3555 -3.5724
-85 -100 3555 -7.2224
-85 100 3555 -9.7136
85 -100 3555 0.22419
85 100 3555 -0.50984
-85 -10 3555 -5.2536
-85 10 3555 -6.4004
85 -10 3555 -2.6301
85 10 3555 -3.6587
-85 -105 3555 -7.7967
-85 105 3555 -10.138
85 -105 3555 0.14704
85 105 3555 -0.029867
-85 -110 3555 -7.7522
-85 110 3555 -9.9178
85 -110 3555 0.70895
85 110 3555 0.0096202
-85 -115 3555 -7.5918
-85 115 3555 -6.9837
85 -115 3555 0.60496
85 115 3555 0.37987
-85 -120 3555 -6.9162
-85 120 3555 -4.9928
85 -120 3555 0.56511
85 120 3555 0.57159
-85 -125 3555 -6.0319
-85 125 3555 -6.3184
85 -125 3555 0.27582
85 125 3555 0.56899
-85 -130 3555 -5.4942
-85 130 3555 -7.9275
85 -130 3555 0.2648
85 130 3555 0.83754
-85 -135 3555 -5.6791
-85 135 3555 -7.4432
85 -135 3555 -0.070256
85 135 3555 0.48642
-85 -140 3555 -5.4592
-85 140 3555 -4.276
85 -140 3555 -0.84547
85 140 3555 0.50893
-85 -145 3555 -3.1009
-85 145 3555 -3.1189
85 -145 3555 0.016064
85 145 3555 0.66503
-85 -150 3555 -2.2619
-85 150 3555 -1.9348
85 -150 3555 0.27351
85 150 3555 0.82119
-85 -15 3555 -5.5745
-85 15 3555 -6.9288
85 -15 3555 -2.4948
85 15 3555 -3.5169
-85 -155 3555 -1.6668
-85 155 3555 -5.2433
85 -155 3555 0.080971
85 155 3555 1.1544
-85 -160 3555 -2.3487
-85 160 3555 -13.098
85 -160 3555 0.50279
85 160 3555 1.5712
-85 -165 3555 -3.7056
-85 165 3555 -9.9589
85 -165 3555 1.0072
85 165 3555 1.6565
-85 -170 3555 -4.1546
-85 170 3555 -12.628
85 -170 3555 1.2969
85 170 3555 0.95524
-85 -175 3555 -9.3032
-85 175 3555 -11.526
85 -175 3555 0.85376
85 175 3555 0.96232
-85 -180 3555 -10.593
85 -180 3555 1.5299
-85 -20 3555 -5.1628
-85 20 3555 -6.688
85 -20 3555 -2.6166
85 20 3555 -3.8364
-85 -25 3555 -5.3033
-85 25 3555 -7.2024
85 -25 3555 -2.5008
85 25 3555 -3.812
-85 -30 3555 -5.3464
-85 30 3555 -7.5522
85 -30 3555 -3.0743
85 30 3555 -4.3626
-85 -35 3555 -5.4722
-85 35 3555 -8.2717
85 -35 3555 -3.9128
85 35 3555 -4.4281
-85 -40 3555 -4.8556
-85 40 3555 -8.0848
85 -40 3555 -4.7732
85 40 3555 -4.6832
-85 -45 3555 -4.2398
-85 45 3555 -8.5386
85 -45 3555 -5.0834
85 45 3555 -4.74
-85 -50 3555 -3.7912
-85 50 3555 -9.013
85 -50 3555 -5.0972
85 50 3555 -4.1374
-85 -5 3555 -5.8011
-85 5 3555 -6.4691
85 -5 3555 -2.832
85 5 3555 -3.7021
-85 -55 3555 -4.199
-85 55 3555 -9.2985
85 -55 3555 -4.5868
85 55 3555 -4.0534
-85 -60 3555 -4.0882
-85 60 3555 -8.9022
85 -60 3555 -3.37
85 60 3555 -3.8212
-85 -65 3555 -4.4737
-85 65 3555 -9.304
85 -65 3555 -2.8282
85 65 3555 -3.5688
-85 -70 3555 -4.7565
-85 70 3555 -9.6021
85 -70 3555 -1.3642
85 70 3555 -3.2209
-85 -75 3555 -5.4156
-85 75 3555 -9.7429
85 -75 3555 -1.0048
85 75 3555 -2.7806
-85 -80 3555 -6.5661
-85 80 3555 -9.236
85 -80 3555 -0.35985
85 80 3555 -2.2103
-85 -85 3555 -7.0691
-85 85 3555 -9.4555
85 -85 3555 0.13849
85 85 3555 -2.2459
-85 -90 3555 -7.5281
-85 90 3555 -9.7382
85 -90 3555 0.045597
85 90 3555 -1.4683
-85 -95 3555 -7.4303
-85 95 3555 -9.5397
85 -95 3555 0.22207
85 95 3555 -1.1284
